MEME version 4.0

ALPHABET= ACDEFGHIKLMNPQRSTVWY

strands: + -

Background letter frequencies (from dataset without add-one prior applied):
A 0.100 C 0.020 D 0.063 E 0.062 F 0.029 G 0.073 H 0.024 I 0.034 K 0.031 L 0.081 M 0.023 N 0.034 P 0.085 Q 0.034 R 0.079 S 0.082 T 0.057 V 0.055 W 0.011 Y 0.023

MOTIF  1

BL   MOTIF 1 width=25 seqs=39
letter-probability matrix: alength= 20 w= 25 nsites= 35 E= 1
 0.057143  0.000000  0.114286  0.200000  0.000000  0.000000  0.000000  0.000000  0.028571  0.028571  0.000000  0.000000  0.000000  0.057143  0.428571  0.057143  0.000000  0.028571  0.000000  0.000000
 0.057143  0.000000  0.057143  0.057143  0.000000  0.228571  0.057143  0.000000  0.028571  0.000000  0.000000  0.085714  0.057143  0.000000  0.285714  0.000000  0.085714  0.000000  0.000000  0.000000
 0.285714  0.000000  0.000000  0.000000  0.000000  0.085714  0.000000  0.000000  0.000000  0.000000  0.000000  0.000000  0.000000  0.114286  0.514286  0.000000  0.000000  0.000000  0.000000  0.000000
 0.028571  0.000000  0.000000  0.114286  0.000000  0.000000  0.000000  0.057143  0.057143  0.142857  0.000000  0.000000  0.200000  0.000000  0.171429  0.028571  0.028571  0.114286  0.000000  0.057143
 0.000000  0.000000  0.057143  0.085714  0.000000  0.000000  0.000000  0.000000  0.028571  0.000000  0.000000  0.000000  0.000000  0.000000  0.657143  0.171429  0.000000  0.000000  0.000000  0.000000
 0.000000  0.000000  0.000000  0.228571  0.000000  0.000000  0.000000  0.000000  0.171429  0.000000  0.000000  0.000000  0.000000  0.000000  0.600000  0.000000  0.000000  0.000000  0.000000  0.000000
 0.000000  0.000000  0.485714  0.085714  0.000000  0.000000  0.000000  0.000000  0.000000  0.000000  0.000000  0.000000  0.171429  0.028571  0.085714  0.142857  0.000000  0.000000  0.000000  0.000000
 0.000000  0.000000  0.000000  0.000000  0.000000  0.028571  0.000000  0.114286  0.000000  0.171429  0.057143  0.000000  0.085714  0.028571  0.028571  0.342857  0.085714  0.000000  0.000000  0.057143
 0.090909  0.030303  0.060606  0.151515  0.000000  0.000000  0.030303  0.000000  0.000000  0.060606  0.030303  0.030303  0.000000  0.030303  0.000000  0.303030  0.181818  0.000000  0.000000  0.000000
 0.114286  0.000000  0.000000  0.000000  0.000000  0.000000  0.000000  0.000000  0.000000  0.000000  0.000000  0.000000  0.371429  0.000000  0.142857  0.342857  0.000000  0.000000  0.000000  0.028571
 0.057143  0.000000  0.085714  0.200000  0.000000  0.000000  0.028571  0.000000  0.000000  0.000000  0.000000  0.085714  0.057143  0.085714  0.000000  0.342857  0.000000  0.057143  0.000000  0.000000
 0.173913  0.000000  0.173913  0.000000  0.000000  0.000000  0.000000  0.000000  0.000000  0.000000  0.000000  0.000000  0.086957  0.043478  0.000000  0.434783  0.086957  0.000000  0.000000  0.000000
 0.200000  0.057143  0.000000  0.000000  0.000000  0.000000  0.000000  0.000000  0.000000  0.057143  0.028571  0.000000  0.000000  0.000000  0.000000  0.371429  0.228571  0.057143  0.000000  0.000000
 0.000000  0.000000  0.028571  0.114286  0.028571  0.057143  0.000000  0.000000  0.000000  0.000000  0.000000  0.000000  0.000000  0.000000  0.000000  0.628571  0.142857  0.000000  0.000000  0.000000
 0.057143  0.000000  0.057143  0.200000  0.000000  0.085714  0.000000  0.000000  0.000000  0.171429  0.000000  0.000000  0.085714  0.000000  0.000000  0.114286  0.114286  0.028571  0.028571  0.057143
 0.028571  0.171429  0.000000  0.085714  0.000000  0.400000  0.000000  0.000000  0.000000  0.028571  0.000000  0.000000  0.000000  0.000000  0.000000  0.285714  0.000000  0.000000  0.000000  0.000000
 0.000000  0.000000  0.057143  0.142857  0.000000  0.000000  0.000000  0.000000  0.000000  0.000000  0.000000  0.028571  0.085714  0.000000  0.114286  0.342857  0.171429  0.057143  0.000000  0.000000
 0.057143  0.000000  0.171429  0.142857  0.000000  0.000000  0.000000  0.000000  0.000000  0.000000  0.000000  0.000000  0.000000  0.000000  0.142857  0.428571  0.057143  0.000000  0.000000  0.000000
 0.028571  0.057143  0.342857  0.142857  0.000000  0.000000  0.000000  0.000000  0.000000  0.000000  0.000000  0.000000  0.000000  0.085714  0.028571  0.228571  0.057143  0.028571  0.000000  0.000000
 0.142857  0.000000  0.171429  0.400000  0.000000  0.000000  0.000000  0.000000  0.057143  0.057143  0.000000  0.000000  0.000000  0.057143  0.028571  0.000000  0.085714  0.000000  0.000000  0.000000
 0.000000  0.000000  0.542857  0.028571  0.000000  0.028571  0.028571  0.000000  0.000000  0.000000  0.000000  0.000000  0.028571  0.000000  0.000000  0.342857  0.000000  0.000000  0.000000  0.000000
 0.000000  0.000000  0.342857  0.228571  0.000000  0.000000  0.000000  0.000000  0.000000  0.000000  0.085714  0.000000  0.171429  0.000000  0.000000  0.171429  0.000000  0.000000  0.000000  0.000000
 0.000000  0.000000  0.314286  0.371429  0.000000  0.000000  0.000000  0.028571  0.000000  0.000000  0.000000  0.000000  0.000000  0.000000  0.085714  0.200000  0.000000  0.000000  0.000000  0.000000
 0.000000  0.000000  0.428571  0.114286  0.000000  0.000000  0.000000  0.000000  0.000000  0.000000  0.000000  0.142857  0.000000  0.000000  0.000000  0.228571  0.085714  0.000000  0.000000  0.000000
 0.085714  0.000000  0.342857  0.285714  0.000000  0.000000  0.000000  0.000000  0.000000  0.000000  0.000000  0.000000  0.085714  0.000000  0.000000  0.000000  0.085714  0.000000  0.028571  0.085714

MOTIF  2

BL   MOTIF 2 width=26 seqs=39
letter-probability matrix: alength= 20 w= 26 nsites= 34 E= 1
 0.382353  0.000000  0.000000  0.000000  0.000000  0.117647  0.058824  0.000000  0.000000  0.352941  0.000000  0.000000  0.000000  0.000000  0.000000  0.000000  0.058824  0.029412  0.000000  0.000000
 0.000000  0.000000  0.147059  0.147059  0.000000  0.000000  0.000000  0.000000  0.000000  0.000000  0.000000  0.000000  0.470588  0.000000  0.000000  0.235294  0.000000  0.000000  0.000000  0.000000
 0.058824  0.000000  0.294118  0.117647  0.000000  0.029412  0.000000  0.000000  0.000000  0.000000  0.000000  0.000000  0.000000  0.058824  0.029412  0.411765  0.000000  0.000000  0.000000  0.000000
 0.000000  0.000000  0.000000  0.000000  0.000000  0.000000  0.000000  0.000000  0.000000  0.000000  0.000000  0.000000  0.000000  0.000000  0.000000  0.611111  0.333333  0.055556  0.000000  0.000000
 0.000000  0.000000  0.117647  0.117647  0.000000  0.058824  0.000000  0.000000  0.000000  0.000000  0.000000  0.029412  0.294118  0.000000  0.117647  0.176471  0.029412  0.000000  0.000000  0.058824
 0.147059  0.000000  0.176471  0.058824  0.000000  0.058824  0.000000  0.000000  0.029412  0.000000  0.000000  0.000000  0.000000  0.000000  0.058824  0.470588  0.000000  0.000000  0.000000  0.000000
 0.000000  0.000000  0.264706  0.205882  0.000000  0.000000  0.000000  0.000000  0.000000  0.029412  0.000000  0.000000  0.235294  0.000000  0.000000  0.264706  0.000000  0.000000  0.000000  0.000000
 0.058824  0.000000  0.117647  0.000000  0.029412  0.147059  0.000000  0.000000  0.000000  0.000000  0.000000  0.029412  0.147059  0.000000  0.000000  0.294118  0.000000  0.176471  0.000000  0.000000
 0.323529  0.029412  0.000000  0.323529  0.000000  0.117647  0.000000  0.000000  0.000000  0.029412  0.000000  0.000000  0.117647  0.000000  0.029412  0.000000  0.000000  0.029412  0.000000  0.000000
 0.088235  0.000000  0.117647  0.000000  0.000000  0.029412  0.000000  0.000000  0.000000  0.117647  0.058824  0.000000  0.029412  0.058824  0.000000  0.323529  0.147059  0.029412  0.000000  0.000000
 0.000000  0.000000  0.088235  0.411765  0.000000  0.000000  0.000000  0.000000  0.000000  0.000000  0.000000  0.000000  0.176471  0.000000  0.000000  0.323529  0.000000  0.000000  0.000000  0.000000
 0.000000  0.000000  0.117647  0.264706  0.000000  0.000000  0.058824  0.000000  0.000000  0.000000  0.000000  0.088235  0.147059  0.000000  0.000000  0.205882  0.000000  0.000000  0.000000  0.117647
 0.000000  0.000000  0.294118  0.117647  0.000000  0.000000  0.000000  0.000000  0.000000  0.029412  0.000000  0.000000  0.000000  0.029412  0.029412  0.441176  0.029412  0.029412  0.000000  0.000000
 0.176471  0.000000  0.117647  0.235294  0.000000  0.000000  0.000000  0.029412  0.000000  0.000000  0.000000  0.000000  0.000000  0.058824  0.117647  0.235294  0.000000  0.029412  0.000000  0.000000
 0.088235  0.000000  0.117647  0.176471  0.000000  0.176471  0.000000  0.000000  0.000000  0.000000  0.000000  0.000000  0.058824  0.058824  0.029412  0.235294  0.029412  0.029412  0.000000  0.000000
 0.088235  0.000000  0.000000  0.294118  0.000000  0.000000  0.000000  0.000000  0.000000  0.000000  0.000000  0.000000  0.000000  0.000000  0.029412  0.382353  0.205882  0.000000  0.000000  0.000000
 0.151515  0.181818  0.000000  0.212121  0.000000  0.060606  0.000000  0.000000  0.000000  0.000000  0.000000  0.000000  0.000000  0.000000  0.000000  0.363636  0.030303  0.000000  0.000000  0.000000
 0.058824  0.000000  0.058824  0.235294  0.000000  0.000000  0.000000  0.000000  0.000000  0.117647  0.000000  0.000000  0.000000  0.000000  0.147059  0.382353  0.000000  0.000000  0.000000  0.000000
 0.000000  0.000000  0.000000  0.205882  0.000000  0.000000  0.000000  0.000000  0.000000  0.029412  0.000000  0.029412  0.000000  0.000000  0.000000  0.411765  0.323529  0.000000  0.000000  0.000000
 0.117647  0.000000  0.205882  0.147059  0.000000  0.029412  0.000000  0.000000  0.000000  0.000000  0.000000  0.058824  0.000000  0.000000  0.029412  0.323529  0.000000  0.000000  0.000000  0.088235
 0.000000  0.000000  0.515152  0.000000  0.000000  0.000000  0.000000  0.000000  0.000000  0.000000  0.000000  0.000000  0.000000  0.000000  0.000000  0.212121  0.151515  0.121212  0.000000  0.000000
 0.060606  0.090909  0.000000  0.363636  0.000000  0.000000  0.030303  0.000000  0.000000  0.000000  0.000000  0.000000  0.000000  0.030303  0.000000  0.121212  0.272727  0.000000  0.000000  0.030303
 0.000000  0.000000  0.500000  0.176471  0.000000  0.000000  0.000000  0.088235  0.000000  0.000000  0.000000  0.000000  0.000000  0.029412  0.029412  0.088235  0.088235  0.000000  0.000000  0.000000
 0.000000  0.000000  0.117647  0.205882  0.000000  0.000000  0.000000  0.000000  0.000000  0.000000  0.058824  0.000000  0.147059  0.000000  0.000000  0.382353  0.088235  0.000000  0.000000  0.000000
 0.117647  0.000000  0.294118  0.411765  0.000000  0.117647  0.000000  0.000000  0.000000  0.029412  0.000000  0.000000  0.000000  0.000000  0.000000  0.000000  0.000000  0.000000  0.000000  0.029412
 0.000000  0.000000  0.411765  0.058824  0.000000  0.029412  0.029412  0.000000  0.000000  0.117647  0.000000  0.117647  0.000000  0.000000  0.058824  0.147059  0.029412  0.000000  0.000000  0.000000

MOTIF  3

BL   MOTIF 3 width=23 seqs=39
letter-probability matrix: alength= 20 w= 23 nsites= 39 E= 1
 0.102564  0.000000  0.025641  0.179487  0.000000  0.000000  0.000000  0.000000  0.153846  0.000000  0.000000  0.000000  0.051282  0.153846  0.205128  0.076923  0.051282  0.000000  0.000000  0.000000
 0.230769  0.000000  0.000000  0.000000  0.000000  0.000000  0.000000  0.000000  0.051282  0.025641  0.000000  0.000000  0.025641  0.076923  0.307692  0.179487  0.000000  0.025641  0.025641  0.051282
 0.051282  0.000000  0.000000  0.051282  0.000000  0.205128  0.000000  0.000000  0.205128  0.153846  0.000000  0.000000  0.000000  0.000000  0.102564  0.205128  0.000000  0.000000  0.000000  0.025641
 0.000000  0.000000  0.000000  0.051282  0.000000  0.384615  0.179487  0.000000  0.000000  0.000000  0.000000  0.000000  0.000000  0.000000  0.384615  0.000000  0.000000  0.000000  0.000000  0.000000
 0.076923  0.000000  0.025641  0.102564  0.025641  0.000000  0.051282  0.000000  0.000000  0.282051  0.076923  0.076923  0.076923  0.000000  0.153846  0.000000  0.000000  0.000000  0.025641  0.025641
 0.000000  0.000000  0.184211  0.026316  0.000000  0.000000  0.026316  0.000000  0.000000  0.157895  0.000000  0.000000  0.000000  0.000000  0.552632  0.052632  0.000000  0.000000  0.000000  0.000000
 0.153846  0.025641  0.000000  0.025641  0.000000  0.102564  0.025641  0.000000  0.025641  0.025641  0.000000  0.025641  0.230769  0.000000  0.307692  0.000000  0.051282  0.000000  0.000000  0.000000
 0.076923  0.000000  0.102564  0.128205  0.051282  0.000000  0.102564  0.000000  0.000000  0.102564  0.025641  0.000000  0.000000  0.025641  0.205128  0.076923  0.025641  0.000000  0.000000  0.076923
 0.178571  0.071429  0.035714  0.000000  0.000000  0.071429  0.000000  0.071429  0.035714  0.000000  0.000000  0.178571  0.071429  0.000000  0.107143  0.178571  0.000000  0.000000  0.000000  0.000000
 0.256410  0.000000  0.000000  0.000000  0.000000  0.153846  0.000000  0.000000  0.000000  0.128205  0.000000  0.000000  0.358974  0.000000  0.102564  0.000000  0.000000  0.000000  0.000000  0.000000
 0.102564  0.000000  0.179487  0.025641  0.000000  0.000000  0.000000  0.000000  0.025641  0.025641  0.000000  0.000000  0.051282  0.000000  0.282051  0.000000  0.000000  0.076923  0.128205  0.102564
 0.076923  0.051282  0.000000  0.051282  0.076923  0.025641  0.000000  0.000000  0.000000  0.102564  0.102564  0.000000  0.000000  0.025641  0.410256  0.000000  0.000000  0.000000  0.000000  0.076923
 0.000000  0.000000  0.000000  0.153846  0.000000  0.153846  0.025641  0.000000  0.025641  0.000000  0.000000  0.000000  0.000000  0.025641  0.410256  0.051282  0.128205  0.025641  0.000000  0.000000
 0.205128  0.000000  0.102564  0.051282  0.000000  0.000000  0.000000  0.051282  0.025641  0.000000  0.000000  0.000000  0.307692  0.153846  0.000000  0.000000  0.000000  0.000000  0.102564  0.000000
 0.128205  0.000000  0.000000  0.000000  0.000000  0.000000  0.000000  0.179487  0.025641  0.128205  0.000000  0.000000  0.000000  0.000000  0.000000  0.000000  0.307692  0.230769  0.000000  0.000000
 0.000000  0.000000  0.000000  0.000000  0.000000  0.000000  0.128205  0.000000  0.000000  0.000000  0.000000  0.000000  0.461538  0.076923  0.153846  0.051282  0.128205  0.000000  0.000000  0.000000
 0.000000  0.000000  0.000000  0.000000  0.000000  0.000000  0.000000  0.000000  0.000000  0.333333  0.333333  0.000000  0.000000  0.000000  0.333333  0.000000  0.000000  0.000000  0.000000  0.000000
 0.000000  0.000000  0.342857  0.000000  0.000000  0.000000  0.057143  0.000000  0.142857  0.028571  0.000000  0.000000  0.000000  0.000000  0.428571  0.000000  0.000000  0.000000  0.000000  0.000000
 0.000000  0.000000  0.000000  0.000000  0.000000  0.051282  0.000000  0.153846  0.025641  0.000000  0.000000  0.000000  0.538462  0.000000  0.000000  0.076923  0.153846  0.000000  0.000000  0.000000
 0.051282  0.000000  0.025641  0.179487  0.051282  0.051282  0.000000  0.000000  0.000000  0.025641  0.051282  0.025641  0.153846  0.000000  0.282051  0.000000  0.025641  0.076923  0.000000  0.000000
 0.205128  0.000000  0.230769  0.000000  0.000000  0.025641  0.153846  0.025641  0.000000  0.025641  0.000000  0.076923  0.000000  0.000000  0.205128  0.000000  0.051282  0.000000  0.000000  0.000000
 0.102564  0.000000  0.000000  0.000000  0.000000  0.051282  0.076923  0.000000  0.051282  0.025641  0.153846  0.000000  0.205128  0.000000  0.179487  0.000000  0.000000  0.153846  0.000000  0.000000
 0.051282  0.000000  0.000000  0.128205  0.102564  0.025641  0.000000  0.000000  0.000000  0.179487  0.000000  0.000000  0.025641  0.025641  0.076923  0.000000  0.153846  0.153846  0.051282  0.025641

MOTIF  4

BL   MOTIF 4 width=21 seqs=39
letter-probability matrix: alength= 20 w= 21 nsites= 39 E= 1
 0.230769  0.000000  0.000000  0.000000  0.000000  0.000000  0.000000  0.000000  0.025641  0.000000  0.000000  0.000000  0.384615  0.000000  0.358974  0.000000  0.000000  0.000000  0.000000  0.000000
 0.068966  0.000000  0.137931  0.137931  0.000000  0.000000  0.034483  0.000000  0.034483  0.034483  0.000000  0.034483  0.206897  0.034483  0.172414  0.000000  0.034483  0.000000  0.000000  0.068966
 0.000000  0.000000  0.179487  0.051282  0.000000  0.000000  0.102564  0.000000  0.000000  0.000000  0.000000  0.051282  0.230769  0.000000  0.076923  0.102564  0.025641  0.000000  0.076923  0.102564
 0.307692  0.025641  0.000000  0.000000  0.000000  0.153846  0.076923  0.025641  0.000000  0.051282  0.000000  0.000000  0.025641  0.000000  0.179487  0.025641  0.102564  0.025641  0.000000  0.000000
 0.025641  0.000000  0.102564  0.205128  0.000000  0.000000  0.000000  0.000000  0.076923  0.102564  0.051282  0.000000  0.256410  0.076923  0.051282  0.000000  0.051282  0.000000  0.000000  0.000000
 0.419355  0.000000  0.000000  0.000000  0.000000  0.032258  0.000000  0.000000  0.000000  0.000000  0.000000  0.000000  0.000000  0.000000  0.225806  0.322581  0.000000  0.000000  0.000000  0.000000
 0.333333  0.166667  0.000000  0.000000  0.166667  0.000000  0.000000  0.000000  0.000000  0.166667  0.000000  0.000000  0.000000  0.000000  0.000000  0.000000  0.166667  0.000000  0.000000  0.000000
 0.025641  0.000000  0.000000  0.000000  0.000000  0.000000  0.000000  0.000000  0.076923  0.000000  0.000000  0.000000  0.307692  0.076923  0.205128  0.128205  0.000000  0.179487  0.000000  0.000000
 0.025641  0.051282  0.076923  0.000000  0.000000  0.000000  0.025641  0.000000  0.051282  0.000000  0.000000  0.000000  0.076923  0.000000  0.256410  0.179487  0.153846  0.076923  0.025641  0.000000
 0.208333  0.000000  0.000000  0.000000  0.083333  0.000000  0.000000  0.000000  0.000000  0.125000  0.000000  0.000000  0.583333  0.000000  0.000000  0.000000  0.000000  0.000000  0.000000  0.000000
 0.051282  0.000000  0.025641  0.000000  0.000000  0.000000  0.000000  0.025641  0.025641  0.333333  0.000000  0.000000  0.230769  0.000000  0.128205  0.000000  0.000000  0.179487  0.000000  0.000000
 0.205128  0.000000  0.025641  0.025641  0.000000  0.128205  0.102564  0.000000  0.000000  0.000000  0.000000  0.000000  0.256410  0.051282  0.000000  0.153846  0.051282  0.000000  0.000000  0.000000
 0.025641  0.000000  0.205128  0.051282  0.000000  0.153846  0.000000  0.000000  0.000000  0.076923  0.000000  0.025641  0.128205  0.000000  0.333333  0.000000  0.000000  0.000000  0.000000  0.000000
 0.000000  0.000000  0.000000  0.000000  0.000000  0.000000  0.000000  0.179487  0.128205  0.000000  0.000000  0.000000  0.384615  0.000000  0.307692  0.000000  0.000000  0.000000  0.000000  0.000000
 0.025641  0.000000  0.000000  0.205128  0.000000  0.025641  0.025641  0.000000  0.000000  0.076923  0.000000  0.000000  0.102564  0.000000  0.384615  0.102564  0.051282  0.000000  0.000000  0.000000
 0.000000  0.000000  0.000000  0.000000  0.000000  0.120000  0.040000  0.000000  0.080000  0.040000  0.000000  0.000000  0.000000  0.000000  0.560000  0.040000  0.000000  0.000000  0.000000  0.120000
 0.000000  0.000000  0.076923  0.025641  0.000000  0.153846  0.000000  0.000000  0.025641  0.000000  0.000000  0.000000  0.230769  0.000000  0.282051  0.051282  0.153846  0.000000  0.000000  0.000000
 0.282051  0.000000  0.025641  0.000000  0.000000  0.000000  0.000000  0.000000  0.000000  0.051282  0.000000  0.000000  0.384615  0.000000  0.205128  0.000000  0.051282  0.000000  0.000000  0.000000
 0.060606  0.000000  0.030303  0.000000  0.000000  0.090909  0.121212  0.000000  0.000000  0.090909  0.000000  0.000000  0.000000  0.060606  0.181818  0.090909  0.030303  0.151515  0.090909  0.000000
 0.025641  0.025641  0.000000  0.000000  0.076923  0.179487  0.000000  0.076923  0.128205  0.128205  0.025641  0.000000  0.000000  0.051282  0.102564  0.000000  0.153846  0.000000  0.000000  0.025641
 0.000000  0.000000  0.000000  0.000000  0.000000  0.000000  0.000000  0.000000  0.051282  0.000000  0.000000  0.000000  0.487179  0.000000  0.307692  0.025641  0.102564  0.025641  0.000000  0.000000

MOTIF  5

BL   MOTIF 5 width=23 seqs=39
letter-probability matrix: alength= 20 w= 23 nsites= 36 E= 1
 0.027778  0.000000  0.361111  0.000000  0.000000  0.083333  0.000000  0.000000  0.000000  0.000000  0.055556  0.055556  0.388889  0.000000  0.000000  0.000000  0.000000  0.000000  0.027778  0.000000
 0.000000  0.000000  0.000000  0.055556  0.000000  0.000000  0.000000  0.222222  0.000000  0.111111  0.027778  0.000000  0.083333  0.000000  0.305556  0.000000  0.138889  0.027778  0.000000  0.027778
 0.000000  0.000000  0.000000  0.409091  0.000000  0.000000  0.000000  0.000000  0.000000  0.000000  0.000000  0.000000  0.272727  0.000000  0.136364  0.181818  0.000000  0.000000  0.000000  0.000000
 0.083333  0.000000  0.000000  0.000000  0.000000  0.305556  0.000000  0.000000  0.000000  0.000000  0.000000  0.000000  0.305556  0.138889  0.000000  0.138889  0.000000  0.000000  0.000000  0.027778
 0.166667  0.000000  0.000000  0.000000  0.000000  0.000000  0.000000  0.000000  0.000000  0.000000  0.000000  0.000000  0.250000  0.000000  0.166667  0.166667  0.055556  0.138889  0.000000  0.055556
 0.029412  0.000000  0.000000  0.029412  0.000000  0.000000  0.000000  0.000000  0.294118  0.058824  0.000000  0.000000  0.117647  0.000000  0.470588  0.000000  0.000000  0.000000  0.000000  0.000000
 0.000000  0.000000  0.000000  0.000000  0.000000  0.000000  0.000000  0.000000  0.111111  0.027778  0.000000  0.027778  0.138889  0.055556  0.583333  0.000000  0.055556  0.000000  0.000000  0.000000
 0.083333  0.000000  0.000000  0.055556  0.000000  0.083333  0.000000  0.000000  0.194444  0.027778  0.000000  0.055556  0.083333  0.083333  0.138889  0.083333  0.000000  0.000000  0.111111  0.000000
 0.066667  0.000000  0.000000  0.000000  0.133333  0.000000  0.000000  0.133333  0.000000  0.066667  0.000000  0.000000  0.000000  0.133333  0.000000  0.200000  0.000000  0.266667  0.000000  0.000000
 0.027778  0.000000  0.000000  0.111111  0.000000  0.055556  0.111111  0.000000  0.000000  0.027778  0.055556  0.000000  0.222222  0.000000  0.361111  0.000000  0.027778  0.000000  0.000000  0.000000
 0.281250  0.000000  0.250000  0.000000  0.000000  0.343750  0.000000  0.000000  0.000000  0.000000  0.000000  0.000000  0.000000  0.000000  0.062500  0.062500  0.000000  0.000000  0.000000  0.000000
 0.000000  0.000000  0.000000  0.000000  0.000000  0.000000  0.000000  0.055556  0.000000  0.000000  0.000000  0.000000  0.555556  0.000000  0.333333  0.000000  0.027778  0.027778  0.000000  0.000000
 0.138889  0.000000  0.000000  0.000000  0.000000  0.305556  0.000000  0.000000  0.000000  0.111111  0.000000  0.000000  0.000000  0.000000  0.305556  0.138889  0.000000  0.000000  0.000000  0.000000
 0.000000  0.000000  0.000000  0.000000  0.000000  0.000000  0.000000  0.000000  0.000000  0.000000  0.000000  0.000000  0.833333  0.027778  0.000000  0.000000  0.000000  0.000000  0.000000  0.138889
 0.000000  0.000000  0.000000  0.027778  0.000000  0.111111  0.055556  0.000000  0.000000  0.000000  0.000000  0.000000  0.361111  0.055556  0.305556  0.027778  0.055556  0.000000  0.000000  0.000000
 0.000000  0.083333  0.083333  0.000000  0.000000  0.000000  0.000000  0.000000  0.000000  0.000000  0.000000  0.000000  0.083333  0.000000  0.694444  0.027778  0.027778  0.000000  0.000000  0.000000
 0.000000  0.000000  0.000000  0.000000  0.000000  0.000000  0.055556  0.055556  0.000000  0.000000  0.000000  0.000000  0.194444  0.000000  0.222222  0.027778  0.166667  0.250000  0.000000  0.027778
 0.000000  0.000000  0.000000  0.111111  0.000000  0.027778  0.000000  0.000000  0.000000  0.000000  0.000000  0.000000  0.166667  0.000000  0.666667  0.027778  0.000000  0.000000  0.000000  0.000000
 0.138889  0.000000  0.055556  0.000000  0.000000  0.138889  0.027778  0.000000  0.083333  0.000000  0.027778  0.000000  0.138889  0.000000  0.111111  0.222222  0.055556  0.000000  0.000000  0.000000
 0.000000  0.000000  0.027778  0.000000  0.000000  0.000000  0.000000  0.000000  0.000000  0.000000  0.000000  0.000000  0.472222  0.000000  0.250000  0.000000  0.250000  0.000000  0.000000  0.000000
 0.000000  0.000000  0.000000  0.000000  0.000000  0.000000  0.000000  0.000000  0.166667  0.000000  0.000000  0.000000  0.472222  0.000000  0.361111  0.000000  0.000000  0.000000  0.000000  0.000000
 0.000000  0.000000  0.000000  0.000000  0.000000  0.000000  0.000000  0.000000  0.000000  0.000000  0.000000  0.000000  1.000000  0.000000  0.000000  0.000000  0.000000  0.000000  0.000000  0.000000
 0.277778  0.000000  0.000000  0.111111  0.000000  0.111111  0.000000  0.000000  0.027778  0.000000  0.027778  0.000000  0.000000  0.111111  0.305556  0.000000  0.027778  0.000000  0.000000  0.000000

MOTIF  6

BL   MOTIF 6 width=20 seqs=39
letter-probability matrix: alength= 20 w= 20 nsites= 36 E= 1
 0.138889  0.000000  0.000000  0.000000  0.000000  0.000000  0.000000  0.000000  0.000000  0.000000  0.000000  0.000000  0.555556  0.000000  0.000000  0.000000  0.194444  0.111111  0.000000  0.000000
 0.055556  0.000000  0.055556  0.083333  0.000000  0.000000  0.055556  0.000000  0.027778  0.055556  0.000000  0.000000  0.166667  0.000000  0.222222  0.000000  0.277778  0.000000  0.000000  0.000000
 0.000000  0.000000  0.055556  0.000000  0.000000  0.000000  0.000000  0.000000  0.000000  0.000000  0.000000  0.000000  0.527778  0.000000  0.250000  0.027778  0.138889  0.000000  0.000000  0.000000
 0.000000  0.000000  0.000000  0.000000  0.000000  0.000000  0.000000  0.000000  0.000000  0.000000  0.000000  0.000000  0.611111  0.000000  0.000000  0.055556  0.194444  0.083333  0.000000  0.055556
 0.333333  0.000000  0.000000  0.027778  0.000000  0.000000  0.000000  0.000000  0.194444  0.055556  0.027778  0.000000  0.111111  0.000000  0.000000  0.027778  0.055556  0.027778  0.083333  0.055556
 0.000000  0.000000  0.000000  0.000000  0.000000  0.083333  0.000000  0.000000  0.000000  0.000000  0.000000  0.000000  0.000000  0.000000  0.833333  0.083333  0.000000  0.000000  0.000000  0.000000
 0.000000  0.000000  0.027778  0.055556  0.000000  0.000000  0.000000  0.000000  0.111111  0.000000  0.000000  0.000000  0.194444  0.000000  0.500000  0.000000  0.111111  0.000000  0.000000  0.000000
 0.000000  0.000000  0.166667  0.000000  0.000000  0.055556  0.000000  0.000000  0.000000  0.000000  0.000000  0.000000  0.083333  0.083333  0.444444  0.055556  0.111111  0.000000  0.000000  0.000000
 0.000000  0.000000  0.000000  0.000000  0.000000  0.000000  0.000000  0.000000  0.000000  0.000000  0.000000  0.000000  0.000000  0.000000  1.000000  0.000000  0.000000  0.000000  0.000000  0.000000
 0.138889  0.000000  0.194444  0.027778  0.000000  0.166667  0.027778  0.000000  0.138889  0.000000  0.000000  0.000000  0.000000  0.027778  0.222222  0.000000  0.055556  0.000000  0.000000  0.000000
 0.000000  0.000000  0.000000  0.000000  0.000000  0.000000  0.000000  0.000000  0.055556  0.000000  0.166667  0.000000  0.000000  0.000000  0.583333  0.000000  0.194444  0.000000  0.000000  0.000000
 0.083333  0.000000  0.000000  0.000000  0.055556  0.027778  0.000000  0.083333  0.000000  0.027778  0.000000  0.000000  0.027778  0.000000  0.166667  0.027778  0.388889  0.083333  0.000000  0.027778
 0.250000  0.000000  0.000000  0.000000  0.055556  0.000000  0.027778  0.000000  0.000000  0.000000  0.000000  0.000000  0.333333  0.000000  0.333333  0.000000  0.000000  0.000000  0.000000  0.000000
 0.000000  0.000000  0.166667  0.000000  0.000000  0.000000  0.000000  0.083333  0.000000  0.111111  0.000000  0.000000  0.527778  0.055556  0.000000  0.000000  0.000000  0.055556  0.000000  0.000000
 0.000000  0.000000  0.000000  0.000000  0.000000  0.000000  0.000000  0.083333  0.000000  0.111111  0.000000  0.000000  0.527778  0.000000  0.000000  0.000000  0.138889  0.138889  0.000000  0.000000
 0.027778  0.000000  0.027778  0.055556  0.000000  0.138889  0.027778  0.000000  0.000000  0.027778  0.000000  0.055556  0.277778  0.000000  0.250000  0.055556  0.027778  0.027778  0.000000  0.000000
 0.266667  0.000000  0.000000  0.000000  0.000000  0.033333  0.000000  0.000000  0.000000  0.000000  0.000000  0.000000  0.000000  0.000000  0.000000  0.600000  0.100000  0.000000  0.000000  0.000000
 0.000000  0.000000  0.083333  0.138889  0.000000  0.000000  0.000000  0.055556  0.000000  0.000000  0.000000  0.000000  0.638889  0.000000  0.000000  0.000000  0.083333  0.000000  0.000000  0.000000
 0.000000  0.000000  0.000000  0.000000  0.000000  0.000000  0.000000  0.000000  0.000000  0.194444  0.000000  0.000000  0.777778  0.027778  0.000000  0.000000  0.000000  0.000000  0.000000  0.000000
 0.666667  0.000000  0.000000  0.000000  0.000000  0.083333  0.138889  0.000000  0.000000  0.000000  0.000000  0.000000  0.055556  0.000000  0.000000  0.055556  0.000000  0.000000  0.000000  0.000000

MOTIF  7

BL   MOTIF 7 width=25 seqs=39
letter-probability matrix: alength= 20 w= 25 nsites= 37 E= 1
 0.351351  0.000000  0.000000  0.000000  0.000000  0.000000  0.162162  0.000000  0.000000  0.000000  0.000000  0.054054  0.000000  0.000000  0.000000  0.162162  0.270270  0.000000  0.000000  0.000000
 0.000000  0.081081  0.243243  0.081081  0.000000  0.027027  0.000000  0.027027  0.000000  0.108108  0.027027  0.000000  0.162162  0.027027  0.135135  0.027027  0.027027  0.027027  0.000000  0.000000
 0.000000  0.000000  0.200000  0.000000  0.000000  0.200000  0.000000  0.000000  0.000000  0.000000  0.000000  0.100000  0.400000  0.000000  0.000000  0.000000  0.100000  0.000000  0.000000  0.000000
 0.054054  0.000000  0.000000  0.081081  0.000000  0.081081  0.000000  0.000000  0.000000  0.000000  0.000000  0.000000  0.135135  0.027027  0.027027  0.135135  0.405405  0.000000  0.000000  0.054054
 0.027027  0.000000  0.000000  0.108108  0.108108  0.027027  0.000000  0.000000  0.000000  0.081081  0.000000  0.000000  0.297297  0.000000  0.000000  0.054054  0.216216  0.081081  0.000000  0.000000
 0.054054  0.000000  0.000000  0.108108  0.054054  0.000000  0.000000  0.054054  0.000000  0.243243  0.000000  0.000000  0.270270  0.027027  0.081081  0.081081  0.000000  0.027027  0.000000  0.000000
 0.324324  0.000000  0.000000  0.000000  0.000000  0.027027  0.000000  0.000000  0.000000  0.000000  0.027027  0.000000  0.459459  0.000000  0.000000  0.135135  0.000000  0.027027  0.000000  0.000000
 0.054054  0.000000  0.000000  0.054054  0.000000  0.000000  0.000000  0.108108  0.054054  0.081081  0.000000  0.162162  0.027027  0.000000  0.081081  0.135135  0.135135  0.081081  0.027027  0.000000
 0.216216  0.000000  0.000000  0.000000  0.000000  0.000000  0.000000  0.000000  0.000000  0.000000  0.000000  0.000000  0.567568  0.000000  0.000000  0.000000  0.162162  0.054054  0.000000  0.000000
 0.027027  0.000000  0.000000  0.000000  0.000000  0.027027  0.027027  0.054054  0.000000  0.027027  0.000000  0.108108  0.324324  0.081081  0.027027  0.000000  0.216216  0.000000  0.000000  0.081081
 0.108108  0.000000  0.135135  0.135135  0.000000  0.000000  0.000000  0.000000  0.000000  0.000000  0.000000  0.000000  0.000000  0.054054  0.297297  0.054054  0.189189  0.027027  0.000000  0.000000
 0.081081  0.000000  0.000000  0.000000  0.000000  0.027027  0.000000  0.000000  0.000000  0.081081  0.000000  0.000000  0.567568  0.000000  0.027027  0.135135  0.000000  0.081081  0.000000  0.000000
 0.270270  0.000000  0.000000  0.027027  0.081081  0.000000  0.000000  0.027027  0.000000  0.297297  0.000000  0.000000  0.108108  0.081081  0.027027  0.054054  0.027027  0.000000  0.000000  0.000000
 0.270270  0.000000  0.000000  0.000000  0.000000  0.270270  0.000000  0.000000  0.000000  0.000000  0.000000  0.000000  0.324324  0.000000  0.000000  0.054054  0.081081  0.000000  0.000000  0.000000
 0.270270  0.000000  0.000000  0.000000  0.000000  0.027027  0.054054  0.000000  0.000000  0.243243  0.000000  0.000000  0.000000  0.027027  0.189189  0.000000  0.162162  0.027027  0.000000  0.000000
 0.216216  0.000000  0.000000  0.000000  0.000000  0.000000  0.000000  0.000000  0.000000  0.000000  0.000000  0.000000  0.000000  0.000000  0.783784  0.000000  0.000000  0.000000  0.000000  0.000000
 0.000000  0.000000  0.000000  0.000000  0.000000  0.000000  0.000000  0.000000  0.054054  0.000000  0.000000  0.000000  0.216216  0.000000  0.567568  0.162162  0.000000  0.000000  0.000000  0.000000
 0.000000  0.000000  0.027027  0.027027  0.027027  0.000000  0.108108  0.000000  0.000000  0.000000  0.000000  0.027027  0.189189  0.054054  0.270270  0.108108  0.081081  0.000000  0.000000  0.081081
 0.054054  0.000000  0.054054  0.027027  0.054054  0.189189  0.000000  0.054054  0.000000  0.000000  0.000000  0.000000  0.243243  0.081081  0.054054  0.054054  0.027027  0.000000  0.081081  0.027027
 0.000000  0.000000  0.000000  0.000000  0.000000  0.000000  0.000000  0.000000  0.054054  0.000000  0.000000  0.000000  0.513514  0.000000  0.405405  0.027027  0.000000  0.000000  0.000000  0.000000
 0.027027  0.000000  0.027027  0.135135  0.000000  0.000000  0.000000  0.000000  0.027027  0.162162  0.000000  0.000000  0.108108  0.027027  0.351351  0.027027  0.000000  0.108108  0.000000  0.000000
 0.054054  0.000000  0.135135  0.000000  0.027027  0.000000  0.108108  0.000000  0.027027  0.000000  0.054054  0.027027  0.054054  0.162162  0.054054  0.270270  0.027027  0.000000  0.000000  0.000000
 0.000000  0.000000  0.081081  0.000000  0.000000  0.000000  0.000000  0.027027  0.081081  0.000000  0.000000  0.000000  0.378378  0.000000  0.270270  0.135135  0.027027  0.000000  0.000000  0.000000
 0.216216  0.000000  0.000000  0.000000  0.000000  0.027027  0.000000  0.243243  0.000000  0.162162  0.000000  0.000000  0.243243  0.000000  0.000000  0.000000  0.000000  0.108108  0.000000  0.000000
 0.000000  0.000000  0.027027  0.000000  0.000000  0.054054  0.000000  0.000000  0.000000  0.054054  0.000000  0.000000  0.513514  0.000000  0.216216  0.000000  0.135135  0.000000  0.000000  0.000000

MOTIF  8

BL   MOTIF 8 width=21 seqs=39
letter-probability matrix: alength= 20 w= 21 nsites= 39 E= 1
 0.076923  0.000000  0.128205  0.102564  0.000000  0.153846  0.000000  0.000000  0.000000  0.000000  0.000000  0.000000  0.205128  0.000000  0.051282  0.230769  0.025641  0.000000  0.025641  0.000000
 0.051282  0.076923  0.000000  0.000000  0.000000  0.000000  0.102564  0.102564  0.102564  0.102564  0.000000  0.000000  0.128205  0.025641  0.076923  0.102564  0.025641  0.025641  0.000000  0.076923
 0.000000  0.000000  0.000000  0.000000  0.000000  0.000000  0.000000  0.000000  0.000000  0.000000  0.000000  0.000000  0.000000  0.000000  0.758621  0.000000  0.000000  0.241379  0.000000  0.000000
 0.076923  0.000000  0.000000  0.000000  0.000000  0.000000  0.000000  0.000000  0.256410  0.000000  0.000000  0.000000  0.384615  0.051282  0.051282  0.000000  0.102564  0.000000  0.000000  0.076923
 0.125000  0.000000  0.000000  0.000000  0.000000  0.000000  0.125000  0.000000  0.041667  0.000000  0.125000  0.000000  0.000000  0.083333  0.416667  0.000000  0.000000  0.000000  0.000000  0.083333
 0.000000  0.000000  0.102564  0.025641  0.000000  0.025641  0.025641  0.076923  0.025641  0.000000  0.000000  0.025641  0.307692  0.025641  0.153846  0.051282  0.025641  0.000000  0.025641  0.102564
 0.421053  0.052632  0.000000  0.000000  0.000000  0.184211  0.000000  0.000000  0.000000  0.052632  0.000000  0.000000  0.157895  0.000000  0.000000  0.131579  0.000000  0.000000  0.000000  0.000000
 0.000000  0.025641  0.282051  0.051282  0.000000  0.128205  0.000000  0.000000  0.076923  0.000000  0.000000  0.000000  0.153846  0.051282  0.076923  0.025641  0.128205  0.000000  0.000000  0.000000
 0.128205  0.000000  0.000000  0.051282  0.000000  0.076923  0.000000  0.000000  0.000000  0.000000  0.000000  0.076923  0.076923  0.025641  0.358974  0.000000  0.000000  0.205128  0.000000  0.000000
 0.025641  0.102564  0.025641  0.000000  0.076923  0.000000  0.000000  0.051282  0.025641  0.051282  0.000000  0.000000  0.179487  0.000000  0.282051  0.051282  0.025641  0.102564  0.000000  0.000000
 0.179487  0.000000  0.153846  0.000000  0.025641  0.205128  0.000000  0.000000  0.000000  0.000000  0.000000  0.025641  0.000000  0.000000  0.051282  0.102564  0.179487  0.076923  0.000000  0.000000
 0.000000  0.000000  0.000000  0.076923  0.076923  0.000000  0.000000  0.000000  0.000000  0.000000  0.000000  0.000000  0.512821  0.000000  0.307692  0.025641  0.000000  0.000000  0.000000  0.000000
 0.128205  0.000000  0.000000  0.000000  0.000000  0.000000  0.000000  0.102564  0.076923  0.076923  0.000000  0.000000  0.000000  0.000000  0.512821  0.102564  0.000000  0.000000  0.000000  0.000000
 0.000000  0.000000  0.000000  0.000000  0.000000  0.000000  0.272727  0.000000  0.000000  0.000000  0.000000  0.045455  0.045455  0.045455  0.318182  0.227273  0.000000  0.000000  0.045455  0.000000
 0.128205  0.000000  0.000000  0.000000  0.000000  0.179487  0.000000  0.000000  0.205128  0.000000  0.000000  0.000000  0.000000  0.025641  0.410256  0.000000  0.025641  0.025641  0.000000  0.000000
 0.000000  0.000000  0.000000  0.000000  0.076923  0.076923  0.051282  0.051282  0.000000  0.076923  0.000000  0.000000  0.230769  0.025641  0.333333  0.025641  0.000000  0.051282  0.000000  0.000000
 0.051282  0.000000  0.000000  0.025641  0.000000  0.205128  0.000000  0.000000  0.051282  0.051282  0.000000  0.000000  0.205128  0.000000  0.179487  0.025641  0.153846  0.000000  0.051282  0.000000
 0.000000  0.000000  0.000000  0.000000  0.000000  0.000000  0.000000  0.000000  0.000000  0.000000  0.000000  0.000000  0.000000  0.000000  0.897436  0.000000  0.102564  0.000000  0.000000  0.000000
 0.000000  0.000000  0.000000  0.000000  0.000000  0.000000  0.000000  0.000000  0.000000  0.000000  0.102564  0.000000  0.487179  0.000000  0.333333  0.025641  0.000000  0.051282  0.000000  0.000000
 0.000000  0.000000  0.000000  0.179487  0.000000  0.179487  0.000000  0.000000  0.000000  0.000000  0.000000  0.051282  0.025641  0.128205  0.076923  0.179487  0.128205  0.000000  0.000000  0.051282
 0.461538  0.000000  0.000000  0.051282  0.000000  0.025641  0.051282  0.000000  0.051282  0.000000  0.000000  0.000000  0.000000  0.051282  0.076923  0.000000  0.205128  0.025641  0.000000  0.000000

MOTIF  9

BL   MOTIF 9 width=19 seqs=39
letter-probability matrix: alength= 20 w= 19 nsites= 37 E= 1
 0.189189  0.000000  0.000000  0.054054  0.000000  0.000000  0.000000  0.000000  0.000000  0.000000  0.000000  0.000000  0.513514  0.135135  0.000000  0.108108  0.000000  0.000000  0.000000  0.000000
 0.000000  0.000000  0.000000  0.057143  0.000000  0.000000  0.000000  0.000000  0.314286  0.028571  0.000000  0.000000  0.000000  0.028571  0.400000  0.085714  0.000000  0.000000  0.000000  0.085714
 0.000000  0.081081  0.000000  0.000000  0.000000  0.000000  0.000000  0.000000  0.000000  0.000000  0.000000  0.000000  0.324324  0.000000  0.594595  0.000000  0.000000  0.000000  0.000000  0.000000
 0.135135  0.000000  0.000000  0.000000  0.000000  0.000000  0.000000  0.000000  0.162162  0.000000  0.000000  0.000000  0.189189  0.000000  0.351351  0.000000  0.162162  0.000000  0.000000  0.000000
 0.000000  0.000000  0.000000  0.027027  0.000000  0.054054  0.054054  0.000000  0.000000  0.000000  0.162162  0.000000  0.135135  0.162162  0.216216  0.081081  0.000000  0.000000  0.081081  0.027027
 0.135135  0.000000  0.081081  0.000000  0.000000  0.108108  0.081081  0.000000  0.054054  0.000000  0.000000  0.000000  0.135135  0.000000  0.270270  0.027027  0.054054  0.000000  0.000000  0.054054
 0.108108  0.027027  0.054054  0.135135  0.000000  0.000000  0.000000  0.000000  0.027027  0.027027  0.000000  0.054054  0.000000  0.000000  0.540541  0.000000  0.027027  0.000000  0.000000  0.000000
 0.000000  0.000000  0.166667  0.000000  0.000000  0.000000  0.055556  0.000000  0.000000  0.000000  0.000000  0.000000  0.722222  0.000000  0.000000  0.055556  0.000000  0.000000  0.000000  0.000000
 0.162162  0.000000  0.108108  0.000000  0.000000  0.054054  0.054054  0.000000  0.027027  0.000000  0.000000  0.000000  0.054054  0.054054  0.405405  0.000000  0.027027  0.054054  0.000000  0.000000
