MEME version 4.0

ALPHABET= ACDEFGHIKLMNPQRSTVWY

strands: + -

Background letter frequencies (from dataset without add-one prior applied):
A 0.089 C 0.024 D 0.052 E 0.053 F 0.043 G 0.069 H 0.028 I 0.038 K 0.033 L 0.102 M 0.020 N 0.031 P 0.065 Q 0.035 R 0.072 S 0.071 T 0.059 V 0.073 W 0.012 Y 0.031

MOTIF  1

BL   MOTIF 1 width=20 seqs=93
letter-probability matrix: alength= 20 w= 20 nsites= 92 E= 1
 0.000000  0.130435  0.141304  0.000000  0.043478  0.000000  0.000000  0.054348  0.043478  0.173913  0.000000  0.000000  0.086957  0.021739  0.228261  0.032609  0.043478  0.000000  0.000000  0.000000
 0.119565  0.054348  0.021739  0.032609  0.000000  0.076087  0.065217  0.000000  0.032609  0.000000  0.000000  0.000000  0.043478  0.043478  0.413043  0.065217  0.000000  0.000000  0.032609  0.000000
 0.021739  0.000000  0.000000  0.010870  0.000000  0.010870  0.184783  0.010870  0.000000  0.195652  0.000000  0.000000  0.217391  0.108696  0.065217  0.010870  0.163043  0.000000  0.000000  0.000000
 0.108696  0.000000  0.000000  0.000000  0.000000  0.000000  0.000000  0.000000  0.000000  0.000000  0.000000  0.000000  0.304348  0.000000  0.239130  0.163043  0.021739  0.163043  0.000000  0.000000
 0.021739  0.130435  0.000000  0.173913  0.021739  0.043478  0.010870  0.076087  0.000000  0.119565  0.000000  0.000000  0.239130  0.000000  0.163043  0.000000  0.000000  0.000000  0.000000  0.000000
 0.108696  0.000000  0.043478  0.010870  0.000000  0.032609  0.130435  0.065217  0.000000  0.097826  0.021739  0.032609  0.108696  0.000000  0.054348  0.065217  0.032609  0.152174  0.000000  0.043478
 0.000000  0.000000  0.000000  0.076087  0.000000  0.173913  0.054348  0.043478  0.000000  0.228261  0.000000  0.054348  0.239130  0.065217  0.010870  0.000000  0.032609  0.021739  0.000000  0.000000
 0.206522  0.000000  0.097826  0.054348  0.000000  0.021739  0.032609  0.000000  0.043478  0.000000  0.000000  0.010870  0.000000  0.065217  0.152174  0.054348  0.260870  0.000000  0.000000  0.000000
 0.304348  0.021739  0.000000  0.032609  0.054348  0.108696  0.000000  0.010870  0.010870  0.195652  0.000000  0.000000  0.021739  0.021739  0.130435  0.010870  0.043478  0.032609  0.000000  0.000000
 0.000000  0.454545  0.000000  0.000000  0.454545  0.000000  0.000000  0.000000  0.000000  0.090909  0.000000  0.000000  0.000000  0.000000  0.000000  0.000000  0.000000  0.000000  0.000000  0.000000
 0.032609  0.000000  0.032609  0.000000  0.043478  0.000000  0.000000  0.054348  0.000000  0.032609  0.065217  0.000000  0.228261  0.108696  0.239130  0.000000  0.000000  0.152174  0.010870  0.000000
 0.000000  0.000000  0.000000  0.000000  0.000000  0.111111  0.166667  0.000000  0.000000  0.000000  0.000000  0.000000  0.500000  0.000000  0.000000  0.000000  0.222222  0.000000  0.000000  0.000000
 0.054348  0.000000  0.000000  0.065217  0.000000  0.010870  0.000000  0.010870  0.000000  0.086957  0.000000  0.000000  0.119565  0.119565  0.326087  0.054348  0.000000  0.076087  0.000000  0.076087
 0.000000  0.000000  0.062500  0.000000  0.000000  0.125000  0.000000  0.000000  0.000000  0.000000  0.000000  0.093750  0.000000  0.000000  0.000000  0.375000  0.187500  0.156250  0.000000  0.000000
 0.000000  0.000000  0.000000  0.000000  0.000000  0.000000  0.000000  0.000000  0.000000  0.239130  0.000000  0.000000  0.336957  0.000000  0.347826  0.000000  0.000000  0.000000  0.000000  0.076087
 0.010870  0.000000  0.043478  0.000000  0.065217  0.043478  0.032609  0.021739  0.000000  0.130435  0.119565  0.000000  0.086957  0.010870  0.239130  0.010870  0.086957  0.097826  0.000000  0.000000
 0.000000  0.000000  0.000000  0.000000  0.000000  0.000000  0.000000  0.000000  0.000000  0.000000  0.000000  0.000000  0.000000  0.000000  1.000000  0.000000  0.000000  0.000000  0.000000  0.000000
 0.097826  0.010870  0.021739  0.000000  0.152174  0.076087  0.043478  0.000000  0.021739  0.152174  0.010870  0.000000  0.108696  0.000000  0.000000  0.032609  0.141304  0.119565  0.000000  0.010870
 0.000000  0.000000  0.000000  0.010870  0.000000  0.000000  0.000000  0.000000  0.000000  0.195652  0.000000  0.000000  0.532609  0.065217  0.000000  0.195652  0.000000  0.000000  0.000000  0.000000
 0.195652  0.010870  0.010870  0.000000  0.043478  0.000000  0.032609  0.000000  0.032609  0.054348  0.000000  0.010870  0.119565  0.206522  0.097826  0.000000  0.043478  0.086957  0.000000  0.054348

MOTIF  2

BL   MOTIF 2 width=20 seqs=93
letter-probability matrix: alength= 20 w= 20 nsites= 93 E= 1
 0.010753  0.064516  0.053763  0.000000  0.010753  0.032258  0.010753  0.053763  0.010753  0.161290  0.000000  0.000000  0.075269  0.064516  0.182796  0.053763  0.010753  0.204301  0.000000  0.000000
 0.129032  0.000000  0.010753  0.096774  0.064516  0.000000  0.010753  0.000000  0.010753  0.010753  0.000000  0.010753  0.161290  0.075269  0.322581  0.064516  0.032258  0.000000  0.000000  0.000000
 0.129032  0.000000  0.010753  0.000000  0.000000  0.032258  0.000000  0.000000  0.000000  0.311828  0.032258  0.010753  0.096774  0.064516  0.053763  0.000000  0.107527  0.096774  0.000000  0.053763
 0.000000  0.000000  0.000000  0.000000  0.021505  0.000000  0.000000  0.000000  0.000000  0.333333  0.000000  0.000000  0.322581  0.000000  0.322581  0.000000  0.000000  0.000000  0.000000  0.000000
 0.000000  0.053763  0.010753  0.053763  0.000000  0.107527  0.032258  0.000000  0.000000  0.043011  0.000000  0.032258  0.172043  0.000000  0.182796  0.204301  0.107527  0.000000  0.000000  0.000000
 0.182796  0.000000  0.000000  0.000000  0.000000  0.043011  0.064516  0.064516  0.032258  0.096774  0.000000  0.000000  0.150538  0.064516  0.053763  0.053763  0.096774  0.096774  0.000000  0.000000
 0.000000  0.000000  0.000000  0.000000  0.000000  0.000000  0.000000  0.000000  0.000000  0.000000  0.125000  0.041667  0.666667  0.000000  0.000000  0.166667  0.000000  0.000000  0.000000  0.000000
 0.053763  0.021505  0.000000  0.010753  0.010753  0.000000  0.021505  0.150538  0.021505  0.193548  0.000000  0.000000  0.172043  0.129032  0.021505  0.000000  0.075269  0.118280  0.000000  0.000000
 0.000000  0.000000  0.021505  0.032258  0.000000  0.215054  0.064516  0.000000  0.010753  0.000000  0.000000  0.053763  0.000000  0.043011  0.236559  0.075269  0.236559  0.000000  0.000000  0.010753
 0.000000  0.000000  0.000000  0.000000  0.222222  0.000000  0.000000  0.000000  0.000000  0.000000  0.222222  0.000000  0.000000  0.000000  0.000000  0.000000  0.222222  0.000000  0.000000  0.333333
 0.000000  0.000000  0.000000  0.000000  0.000000  0.000000  0.000000  0.000000  0.000000  0.409091  0.000000  0.000000  0.000000  0.000000  0.000000  0.000000  0.000000  0.590909  0.000000  0.000000
 0.000000  0.000000  0.065574  0.081967  0.000000  0.065574  0.049180  0.000000  0.032787  0.000000  0.000000  0.016393  0.000000  0.049180  0.163934  0.229508  0.098361  0.000000  0.000000  0.147541
 0.301075  0.107527  0.000000  0.000000  0.000000  0.075269  0.000000  0.000000  0.000000  0.000000  0.000000  0.000000  0.505376  0.000000  0.000000  0.000000  0.000000  0.010753  0.000000  0.000000
 0.129032  0.000000  0.021505  0.010753  0.000000  0.000000  0.010753  0.043011  0.075269  0.043011  0.000000  0.000000  0.021505  0.000000  0.301075  0.129032  0.129032  0.086022  0.000000  0.000000
 0.204301  0.021505  0.000000  0.000000  0.096774  0.010753  0.000000  0.000000  0.000000  0.161290  0.000000  0.064516  0.129032  0.000000  0.204301  0.043011  0.000000  0.053763  0.000000  0.010753
 0.000000  0.139785  0.000000  0.000000  0.053763  0.000000  0.000000  0.021505  0.000000  0.268817  0.043011  0.000000  0.268817  0.000000  0.000000  0.118280  0.086022  0.000000  0.000000  0.000000
 0.000000  0.000000  0.032258  0.096774  0.000000  0.000000  0.172043  0.000000  0.000000  0.000000  0.000000  0.000000  0.376344  0.000000  0.322581  0.000000  0.000000  0.000000  0.000000  0.000000
 0.000000  0.000000  0.053763  0.010753  0.000000  0.000000  0.000000  0.000000  0.000000  0.086022  0.000000  0.000000  0.365591  0.053763  0.301075  0.053763  0.043011  0.000000  0.032258  0.000000
 0.053763  0.010753  0.096774  0.064516  0.064516  0.021505  0.075269  0.010753  0.053763  0.000000  0.032258  0.000000  0.182796  0.000000  0.139785  0.086022  0.000000  0.021505  0.032258  0.053763
 0.075269  0.010753  0.139785  0.043011  0.000000  0.053763  0.000000  0.000000  0.010753  0.000000  0.000000  0.021505  0.204301  0.053763  0.182796  0.086022  0.043011  0.032258  0.043011  0.000000

MOTIF  3

BL   MOTIF 3 width=19 seqs=93
letter-probability matrix: alength= 20 w= 19 nsites= 92 E= 1
 0.336957  0.032609  0.000000  0.000000  0.000000  0.206522  0.000000  0.000000  0.000000  0.000000  0.000000  0.000000  0.000000  0.000000  0.391304  0.032609  0.000000  0.000000  0.000000  0.000000
 0.000000  0.000000  0.000000  0.000000  0.160000  0.000000  0.000000  0.040000  0.000000  0.520000  0.040000  0.000000  0.000000  0.000000  0.000000  0.000000  0.000000  0.240000  0.000000  0.000000
 0.086957  0.000000  0.206522  0.130435  0.000000  0.010870  0.021739  0.000000  0.032609  0.021739  0.000000  0.000000  0.206522  0.054348  0.119565  0.043478  0.065217  0.000000  0.000000  0.000000
 0.097826  0.000000  0.032609  0.000000  0.021739  0.000000  0.010870  0.032609  0.000000  0.032609  0.000000  0.043478  0.054348  0.065217  0.315217  0.032609  0.010870  0.173913  0.065217  0.010870
 0.065217  0.000000  0.000000  0.000000  0.032609  0.000000  0.054348  0.119565  0.000000  0.228261  0.000000  0.000000  0.010870  0.032609  0.239130  0.076087  0.010870  0.130435  0.000000  0.000000
 0.000000  0.000000  0.021739  0.000000  0.000000  0.000000  0.000000  0.000000  0.000000  0.282609  0.000000  0.000000  0.413043  0.000000  0.282609  0.000000  0.000000  0.000000  0.000000  0.000000
 0.119565  0.086957  0.108696  0.010870  0.000000  0.097826  0.032609  0.065217  0.010870  0.032609  0.000000  0.000000  0.195652  0.000000  0.065217  0.086957  0.054348  0.000000  0.032609  0.000000
 0.108696  0.021739  0.065217  0.021739  0.000000  0.000000  0.141304  0.032609  0.010870  0.152174  0.043478  0.010870  0.250000  0.010870  0.065217  0.000000  0.000000  0.043478  0.000000  0.021739
 0.000000  0.000000  0.000000  0.000000  0.000000  0.000000  0.000000  0.000000  0.000000  0.000000  0.000000  0.000000  0.000000  0.000000  1.000000  0.000000  0.000000  0.000000  0.000000  0.000000
 0.000000  0.000000  0.000000  0.076087  0.000000  0.206522  0.000000  0.000000  0.032609  0.054348  0.000000  0.032609  0.206522  0.021739  0.282609  0.010870  0.032609  0.043478  0.000000  0.000000
 0.000000  0.000000  0.119565  0.065217  0.000000  0.000000  0.000000  0.000000  0.010870  0.206522  0.000000  0.000000  0.000000  0.086957  0.260870  0.065217  0.141304  0.043478  0.000000  0.000000
 0.163043  0.032609  0.000000  0.021739  0.065217  0.097826  0.097826  0.010870  0.000000  0.141304  0.000000  0.043478  0.119565  0.010870  0.108696  0.000000  0.000000  0.086957  0.000000  0.000000
 0.054348  0.021739  0.000000  0.000000  0.000000  0.000000  0.000000  0.021739  0.000000  0.217391  0.032609  0.000000  0.239130  0.000000  0.119565  0.163043  0.043478  0.086957  0.000000  0.000000
 0.141304  0.000000  0.076087  0.152174  0.000000  0.000000  0.000000  0.000000  0.010870  0.000000  0.000000  0.000000  0.163043  0.054348  0.173913  0.021739  0.054348  0.152174  0.000000  0.000000
 0.010870  0.000000  0.217391  0.021739  0.000000  0.000000  0.000000  0.000000  0.010870  0.097826  0.032609  0.000000  0.293478  0.043478  0.108696  0.097826  0.065217  0.000000  0.000000  0.000000
 0.119565  0.000000  0.000000  0.000000  0.000000  0.000000  0.000000  0.000000  0.000000  0.000000  0.000000  0.000000  0.413043  0.000000  0.260870  0.141304  0.000000  0.000000  0.065217  0.000000
 0.065217  0.086957  0.000000  0.032609  0.141304  0.000000  0.086957  0.000000  0.010870  0.076087  0.043478  0.021739  0.010870  0.000000  0.108696  0.086957  0.097826  0.086957  0.000000  0.043478
 0.000000  0.000000  0.000000  0.065217  0.000000  0.000000  0.054348  0.000000  0.000000  0.315217  0.000000  0.000000  0.532609  0.000000  0.000000  0.032609  0.000000  0.000000  0.000000  0.000000
 0.097826  0.000000  0.000000  0.000000  0.021739  0.000000  0.000000  0.021739  0.021739  0.152174  0.043478  0.000000  0.195652  0.000000  0.304348  0.000000  0.000000  0.076087  0.065217  0.000000

MOTIF  4

BL   MOTIF 4 width=20 seqs=93
letter-probability matrix: alength= 20 w= 20 nsites= 93 E= 1
 0.139785  0.118280  0.000000  0.000000  0.000000  0.000000  0.053763  0.000000  0.000000  0.010753  0.000000  0.000000  0.204301  0.053763  0.419355  0.000000  0.000000  0.000000  0.000000  0.000000
 0.032258  0.000000  0.161290  0.021505  0.000000  0.000000  0.021505  0.000000  0.032258  0.247312  0.000000  0.000000  0.086022  0.032258  0.236559  0.118280  0.010753  0.000000  0.000000  0.000000
 0.000000  0.000000  0.000000  0.000000  0.161290  0.043011  0.118280  0.021505  0.000000  0.053763  0.010753  0.000000  0.000000  0.000000  0.279570  0.193548  0.086022  0.010753  0.000000  0.021505
 0.075269  0.086022  0.000000  0.000000  0.032258  0.000000  0.118280  0.010753  0.000000  0.247312  0.000000  0.000000  0.225806  0.000000  0.000000  0.000000  0.043011  0.161290  0.000000  0.000000
 0.086022  0.000000  0.000000  0.118280  0.000000  0.000000  0.021505  0.043011  0.032258  0.000000  0.000000  0.000000  0.236559  0.053763  0.365591  0.000000  0.021505  0.021505  0.000000  0.000000
 0.120690  0.034483  0.000000  0.034483  0.000000  0.086207  0.086207  0.155172  0.086207  0.068966  0.017241  0.000000  0.017241  0.137931  0.068966  0.051724  0.000000  0.017241  0.000000  0.017241
 0.000000  0.000000  0.032258  0.000000  0.021505  0.053763  0.096774  0.000000  0.000000  0.000000  0.000000  0.064516  0.172043  0.053763  0.279570  0.053763  0.161290  0.010753  0.000000  0.000000
 0.086022  0.010753  0.021505  0.075269  0.010753  0.032258  0.075269  0.010753  0.000000  0.161290  0.043011  0.010753  0.172043  0.043011  0.000000  0.010753  0.075269  0.150538  0.000000  0.010753
 0.000000  0.043011  0.064516  0.043011  0.000000  0.053763  0.000000  0.010753  0.043011  0.064516  0.021505  0.000000  0.139785  0.000000  0.139785  0.086022  0.215054  0.043011  0.000000  0.032258
 0.161290  0.000000  0.043011  0.043011  0.000000  0.053763  0.000000  0.000000  0.021505  0.139785  0.000000  0.000000  0.279570  0.053763  0.010753  0.000000  0.032258  0.161290  0.000000  0.000000
 0.000000  0.000000  0.000000  0.000000  0.032258  0.000000  0.000000  0.000000  0.000000  0.096774  0.000000  0.000000  0.236559  0.043011  0.569892  0.000000  0.021505  0.000000  0.000000  0.000000
 0.032258  0.000000  0.043011  0.086022  0.086022  0.129032  0.021505  0.000000  0.021505  0.032258  0.000000  0.021505  0.139785  0.053763  0.193548  0.053763  0.010753  0.075269  0.000000  0.000000
 0.075269  0.096774  0.010753  0.032258  0.000000  0.064516  0.032258  0.021505  0.000000  0.161290  0.000000  0.000000  0.193548  0.064516  0.150538  0.000000  0.075269  0.000000  0.000000  0.021505
 0.053763  0.000000  0.000000  0.000000  0.193548  0.096774  0.000000  0.021505  0.000000  0.032258  0.000000  0.010753  0.182796  0.139785  0.096774  0.086022  0.043011  0.043011  0.000000  0.000000
 0.025000  0.000000  0.075000  0.150000  0.000000  0.000000  0.025000  0.000000  0.025000  0.250000  0.000000  0.075000  0.000000  0.000000  0.325000  0.050000  0.000000  0.000000  0.000000  0.000000
 0.204301  0.000000  0.000000  0.000000  0.000000  0.000000  0.010753  0.032258  0.010753  0.150538  0.118280  0.000000  0.387097  0.000000  0.000000  0.000000  0.000000  0.086022  0.000000  0.000000
 0.000000  0.000000  0.010753  0.096774  0.000000  0.000000  0.000000  0.000000  0.000000  0.000000  0.000000  0.000000  0.655914  0.000000  0.139785  0.000000  0.000000  0.096774  0.000000  0.000000
 0.021505  0.086022  0.129032  0.000000  0.053763  0.000000  0.086022  0.010753  0.000000  0.053763  0.000000  0.000000  0.322581  0.000000  0.064516  0.043011  0.064516  0.043011  0.021505  0.000000
 0.129032  0.000000  0.000000  0.000000  0.118280  0.000000  0.000000  0.021505  0.000000  0.139785  0.021505  0.000000  0.010753  0.043011  0.247312  0.129032  0.010753  0.118280  0.000000  0.010753
 0.043011  0.000000  0.107527  0.000000  0.021505  0.010753  0.032258  0.000000  0.000000  0.150538  0.010753  0.021505  0.215054  0.086022  0.021505  0.075269  0.032258  0.107527  0.010753  0.053763

MOTIF  5

BL   MOTIF 5 width=21 seqs=93
letter-probability matrix: alength= 20 w= 21 nsites= 93 E= 1
 0.021505  0.000000  0.096774  0.032258  0.021505  0.000000  0.053763  0.000000  0.000000  0.032258  0.107527  0.010753  0.204301  0.075269  0.010753  0.086022  0.107527  0.053763  0.032258  0.053763
 0.000000  0.129032  0.000000  0.000000  0.000000  0.010753  0.000000  0.000000  0.000000  0.000000  0.000000  0.000000  0.344086  0.000000  0.516129  0.000000  0.000000  0.000000  0.000000  0.000000
 0.118280  0.000000  0.000000  0.053763  0.096774  0.000000  0.010753  0.000000  0.000000  0.107527  0.043011  0.000000  0.107527  0.010753  0.086022  0.086022  0.150538  0.107527  0.000000  0.021505
 0.064516  0.000000  0.000000  0.172043  0.000000  0.000000  0.000000  0.010753  0.000000  0.010753  0.000000  0.000000  0.129032  0.096774  0.268817  0.086022  0.043011  0.118280  0.000000  0.000000
 0.096774  0.086022  0.043011  0.043011  0.000000  0.010753  0.053763  0.053763  0.000000  0.129032  0.010753  0.053763  0.182796  0.000000  0.139785  0.021505  0.053763  0.000000  0.000000  0.021505
 0.129032  0.000000  0.000000  0.129032  0.000000  0.000000  0.021505  0.150538  0.000000  0.172043  0.000000  0.000000  0.397849  0.000000  0.000000  0.000000  0.000000  0.000000  0.000000  0.000000
 0.032258  0.064516  0.000000  0.010753  0.021505  0.107527  0.139785  0.000000  0.075269  0.000000  0.000000  0.107527  0.010753  0.053763  0.021505  0.204301  0.053763  0.096774  0.000000  0.000000
 0.107527  0.000000  0.000000  0.000000  0.000000  0.053763  0.000000  0.010753  0.000000  0.483871  0.000000  0.000000  0.107527  0.000000  0.075269  0.000000  0.064516  0.096774  0.000000  0.000000
 0.139785  0.000000  0.086022  0.064516  0.010753  0.000000  0.053763  0.000000  0.021505  0.000000  0.010753  0.000000  0.161290  0.053763  0.247312  0.000000  0.150538  0.000000  0.000000  0.000000
 0.158730  0.000000  0.079365  0.015873  0.000000  0.063492  0.015873  0.000000  0.047619  0.000000  0.000000  0.063492  0.063492  0.000000  0.142857  0.174603  0.015873  0.000000  0.095238  0.063492
 0.000000  0.000000  0.000000  0.000000  0.064516  0.000000  0.000000  0.053763  0.000000  0.387097  0.000000  0.000000  0.107527  0.053763  0.215054  0.000000  0.032258  0.086022  0.000000  0.000000
 0.048780  0.073171  0.036585  0.000000  0.146341  0.000000  0.000000  0.036585  0.000000  0.146341  0.085366  0.012195  0.000000  0.000000  0.231707  0.000000  0.000000  0.073171  0.024390  0.085366
 0.075269  0.000000  0.021505  0.043011  0.043011  0.096774  0.064516  0.010753  0.021505  0.107527  0.000000  0.021505  0.204301  0.032258  0.129032  0.021505  0.000000  0.075269  0.032258  0.000000
 0.064516  0.000000  0.043011  0.086022  0.000000  0.000000  0.118280  0.000000  0.053763  0.000000  0.000000  0.000000  0.172043  0.064516  0.215054  0.086022  0.075269  0.021505  0.000000  0.000000
 0.010753  0.000000  0.000000  0.075269  0.053763  0.086022  0.064516  0.000000  0.000000  0.215054  0.032258  0.010753  0.096774  0.032258  0.215054  0.021505  0.053763  0.010753  0.010753  0.010753
 0.096774  0.000000  0.043011  0.021505  0.021505  0.043011  0.075269  0.000000  0.010753  0.075269  0.000000  0.010753  0.204301  0.000000  0.053763  0.043011  0.161290  0.064516  0.000000  0.075269
 0.053763  0.000000  0.000000  0.032258  0.000000  0.000000  0.000000  0.000000  0.010753  0.000000  0.000000  0.010753  0.376344  0.043011  0.311828  0.000000  0.000000  0.161290  0.000000  0.000000
 0.161290  0.150538  0.000000  0.000000  0.021505  0.021505  0.000000  0.000000  0.000000  0.000000  0.000000  0.000000  0.322581  0.000000  0.000000  0.322581  0.000000  0.000000  0.000000  0.000000
 0.000000  0.000000  0.000000  0.000000  0.000000  0.000000  0.032258  0.000000  0.000000  0.000000  0.000000  0.000000  0.408602  0.000000  0.096774  0.000000  0.139785  0.322581  0.000000  0.000000
 0.086022  0.000000  0.107527  0.096774  0.000000  0.000000  0.000000  0.010753  0.032258  0.204301  0.000000  0.000000  0.172043  0.010753  0.172043  0.086022  0.021505  0.000000  0.000000  0.000000
 0.258065  0.000000  0.129032  0.053763  0.129032  0.064516  0.096774  0.000000  0.032258  0.000000  0.000000  0.000000  0.000000  0.032258  0.000000  0.172043  0.021505  0.000000  0.010753  0.000000

MOTIF  6

BL   MOTIF 6 width=20 seqs=93
letter-probability matrix: alength= 20 w= 20 nsites= 93 E= 1
 0.010753  0.053763  0.000000  0.000000  0.000000  0.010753  0.000000  0.075269  0.000000  0.000000  0.000000  0.000000  0.311828  0.000000  0.365591  0.000000  0.000000  0.172043  0.000000  0.000000
 0.086022  0.000000  0.064516  0.000000  0.000000  0.000000  0.247312  0.000000  0.064516  0.096774  0.000000  0.000000  0.043011  0.032258  0.365591  0.000000  0.000000  0.000000  0.000000  0.000000
 0.010753  0.000000  0.000000  0.086022  0.000000  0.000000  0.000000  0.000000  0.053763  0.000000  0.010753  0.010753  0.236559  0.043011  0.311828  0.000000  0.236559  0.000000  0.000000  0.000000
 0.204301  0.000000  0.000000  0.000000  0.000000  0.000000  0.000000  0.096774  0.000000  0.301075  0.000000  0.000000  0.000000  0.075269  0.204301  0.000000  0.000000  0.118280  0.000000  0.000000
 0.000000  0.086022  0.000000  0.000000  0.204301  0.172043  0.000000  0.000000  0.000000  0.000000  0.000000  0.000000  0.354839  0.000000  0.000000  0.139785  0.000000  0.043011  0.000000  0.000000
 0.032258  0.000000  0.053763  0.086022  0.000000  0.096774  0.021505  0.000000  0.000000  0.064516  0.000000  0.075269  0.247312  0.064516  0.021505  0.225806  0.010753  0.000000  0.000000  0.000000
 0.053763  0.000000  0.010753  0.021505  0.010753  0.010753  0.043011  0.032258  0.000000  0.043011  0.000000  0.000000  0.236559  0.032258  0.225806  0.043011  0.161290  0.075269  0.000000  0.000000
 0.139785  0.000000  0.000000  0.043011  0.086022  0.000000  0.000000  0.000000  0.000000  0.150538  0.010753  0.000000  0.182796  0.032258  0.075269  0.075269  0.064516  0.075269  0.000000  0.064516
 0.000000  0.086022  0.000000  0.000000  0.021505  0.000000  0.000000  0.000000  0.000000  0.301075  0.043011  0.000000  0.333333  0.000000  0.000000  0.000000  0.107527  0.107527  0.000000  0.000000
 0.000000  0.000000  0.000000  0.000000  0.000000  0.000000  0.000000  0.000000  0.000000  0.000000  0.000000  0.000000  0.000000  0.000000  1.000000  0.000000  0.000000  0.000000  0.000000  0.000000
 0.075269  0.000000  0.000000  0.000000  0.000000  0.043011  0.000000  0.000000  0.000000  0.000000  0.000000  0.000000  0.548387  0.010753  0.172043  0.032258  0.000000  0.118280  0.000000  0.000000
 0.000000  0.000000  0.107527  0.053763  0.075269  0.000000  0.075269  0.000000  0.000000  0.139785  0.000000  0.000000  0.193548  0.096774  0.000000  0.064516  0.021505  0.129032  0.010753  0.032258
 0.064516  0.000000  0.000000  0.064516  0.247312  0.000000  0.075269  0.010753  0.021505  0.010753  0.000000  0.000000  0.193548  0.000000  0.204301  0.000000  0.021505  0.075269  0.010753  0.000000
 0.000000  0.179487  0.000000  0.000000  0.000000  0.000000  0.000000  0.000000  0.000000  0.000000  0.000000  0.000000  0.000000  0.000000  0.000000  0.512821  0.102564  0.000000  0.000000  0.205128
 0.139785  0.000000  0.064516  0.000000  0.000000  0.021505  0.000000  0.000000  0.000000  0.204301  0.000000  0.043011  0.258065  0.000000  0.107527  0.000000  0.000000  0.161290  0.000000  0.000000
 0.150538  0.043011  0.000000  0.032258  0.010753  0.010753  0.000000  0.075269  0.064516  0.118280  0.000000  0.000000  0.118280  0.000000  0.236559  0.010753  0.021505  0.096774  0.000000  0.010753
 0.032258  0.000000  0.236559  0.010753  0.000000  0.043011  0.139785  0.000000  0.000000  0.000000  0.021505  0.064516  0.032258  0.000000  0.129032  0.129032  0.150538  0.010753  0.000000  0.000000
 0.107527  0.000000  0.000000  0.000000  0.107527  0.107527  0.043011  0.010753  0.000000  0.107527  0.000000  0.000000  0.268817  0.000000  0.000000  0.000000  0.010753  0.118280  0.053763  0.064516
 0.387097  0.000000  0.000000  0.000000  0.000000  0.075269  0.000000  0.000000  0.000000  0.000000  0.000000  0.000000  0.000000  0.000000  0.473118  0.010753  0.053763  0.000000  0.000000  0.000000
 0.000000  0.193548  0.247312  0.000000  0.000000  0.129032  0.000000  0.000000  0.000000  0.075269  0.000000  0.000000  0.000000  0.000000  0.043011  0.311828  0.000000  0.000000  0.000000  0.000000

MOTIF  7

BL   MOTIF 7 width=20 seqs=93
letter-probability matrix: alength= 20 w= 20 nsites= 93 E= 1
 0.387097  0.139785  0.000000  0.000000  0.000000  0.000000  0.000000  0.000000  0.000000  0.000000  0.000000  0.000000  0.204301  0.000000  0.000000  0.268817  0.000000  0.000000  0.000000  0.000000
 0.010753  0.000000  0.021505  0.161290  0.000000  0.000000  0.000000  0.096774  0.010753  0.000000  0.000000  0.000000  0.096774  0.043011  0.301075  0.000000  0.182796  0.075269  0.000000  0.000000
 0.000000  0.000000  0.053763  0.000000  0.021505  0.010753  0.000000  0.000000  0.000000  0.268817  0.000000  0.000000  0.279570  0.043011  0.096774  0.064516  0.032258  0.053763  0.075269  0.000000
 0.032258  0.000000  0.000000  0.096774  0.000000  0.000000  0.032258  0.000000  0.000000  0.000000  0.000000  0.000000  0.311828  0.000000  0.247312  0.215054  0.053763  0.010753  0.000000  0.000000
 0.333333  0.000000  0.000000  0.000000  0.016667  0.016667  0.000000  0.050000  0.016667  0.000000  0.000000  0.000000  0.000000  0.000000  0.000000  0.250000  0.183333  0.133333  0.000000  0.000000
 0.000000  0.043011  0.000000  0.000000  0.010753  0.000000  0.000000  0.064516  0.000000  0.365591  0.032258  0.000000  0.483871  0.000000  0.000000  0.000000  0.000000  0.000000  0.000000  0.000000
 0.096774  0.000000  0.075269  0.053763  0.000000  0.010753  0.096774  0.000000  0.010753  0.032258  0.000000  0.000000  0.000000  0.118280  0.247312  0.064516  0.150538  0.043011  0.000000  0.000000
 0.053763  0.000000  0.053763  0.096774  0.000000  0.053763  0.107527  0.000000  0.075269  0.000000  0.000000  0.075269  0.268817  0.010753  0.107527  0.043011  0.000000  0.010753  0.043011  0.000000
 0.000000  0.000000  0.000000  0.000000  0.000000  0.000000  0.000000  0.000000  0.000000  1.000000  0.000000  0.000000  0.000000  0.000000  0.000000  0.000000  0.000000  0.000000  0.000000  0.000000
 0.000000  0.000000  0.096774  0.053763  0.000000  0.010753  0.096774  0.000000  0.000000  0.000000  0.000000  0.000000  0.139785  0.139785  0.258065  0.010753  0.193548  0.000000  0.000000  0.000000
 0.247312  0.043011  0.043011  0.000000  0.064516  0.021505  0.000000  0.043011  0.010753  0.086022  0.000000  0.000000  0.053763  0.010753  0.086022  0.107527  0.150538  0.032258  0.000000  0.000000
 0.000000  0.000000  0.000000  0.000000  0.010753  0.000000  0.000000  0.075269  0.000000  0.172043  0.021505  0.000000  0.430108  0.000000  0.000000  0.000000  0.000000  0.290323  0.000000  0.000000
 0.172043  0.000000  0.000000  0.000000  0.000000  0.032258  0.000000  0.000000  0.000000  0.225806  0.000000  0.000000  0.182796  0.000000  0.268817  0.000000  0.118280  0.000000  0.000000  0.000000
 0.268817  0.000000  0.032258  0.150538  0.000000  0.000000  0.000000  0.000000  0.032258  0.000000  0.000000  0.000000  0.086022  0.075269  0.354839  0.000000  0.000000  0.000000  0.000000  0.000000
 0.000000  0.000000  0.129630  0.000000  0.000000  0.000000  0.055556  0.074074  0.055556  0.185185  0.018519  0.000000  0.129630  0.166667  0.000000  0.092593  0.000000  0.000000  0.055556  0.037037
 0.032258  0.000000  0.000000  0.043011  0.107527  0.064516  0.075269  0.000000  0.010753  0.064516  0.064516  0.000000  0.129032  0.000000  0.247312  0.032258  0.032258  0.096774  0.000000  0.000000
 0.021505  0.053763  0.000000  0.000000  0.086022  0.086022  0.010753  0.021505  0.000000  0.010753  0.010753  0.000000  0.139785  0.075269  0.000000  0.118280  0.182796  0.161290  0.021505  0.000000
 0.161290  0.000000  0.021505  0.000000  0.000000  0.000000  0.000000  0.000000  0.000000  0.139785  0.000000  0.000000  0.451613  0.000000  0.204301  0.021505  0.000000  0.000000  0.000000  0.000000
 0.000000  0.000000  0.000000  0.000000  0.344828  0.000000  0.137931  0.000000  0.000000  0.000000  0.103448  0.000000  0.000000  0.000000  0.000000  0.172414  0.000000  0.206897  0.000000  0.034483
 0.139785  0.000000  0.000000  0.000000  0.000000  0.000000  0.010753  0.000000  0.000000  0.376344  0.000000  0.000000  0.215054  0.000000  0.182796  0.010753  0.064516  0.000000  0.000000  0.000000

MOTIF  8

BL   MOTIF 8 width=21 seqs=93
letter-probability matrix: alength= 20 w= 21 nsites= 93 E= 1
 0.118280  0.043011  0.000000  0.021505  0.010753  0.107527  0.010753  0.010753  0.000000  0.107527  0.000000  0.010753  0.043011  0.053763  0.204301  0.064516  0.032258  0.086022  0.021505  0.053763
 0.000000  0.000000  0.204301  0.043011  0.000000  0.021505  0.000000  0.000000  0.010753  0.032258  0.043011  0.010753  0.215054  0.021505  0.376344  0.000000  0.000000  0.000000  0.000000  0.021505
 0.032258  0.096774  0.000000  0.000000  0.000000  0.000000  0.118280  0.021505  0.021505  0.064516  0.000000  0.000000  0.096774  0.000000  0.086022  0.204301  0.225806  0.000000  0.032258  0.000000
 0.000000  0.000000  0.000000  0.078125  0.015625  0.000000  0.078125  0.000000  0.000000  0.296875  0.078125  0.000000  0.046875  0.000000  0.125000  0.000000  0.062500  0.187500  0.000000  0.031250
 0.021505  0.000000  0.053763  0.010753  0.129032  0.000000  0.021505  0.000000  0.000000  0.000000  0.000000  0.010753  0.204301  0.021505  0.311828  0.021505  0.075269  0.000000  0.118280  0.000000
 0.086022  0.000000  0.000000  0.053763  0.021505  0.010753  0.010753  0.021505  0.000000  0.139785  0.032258  0.000000  0.096774  0.021505  0.129032  0.150538  0.010753  0.204301  0.000000  0.010753
 0.107527  0.000000  0.000000  0.000000  0.000000  0.010753  0.118280  0.064516  0.000000  0.225806  0.000000  0.000000  0.247312  0.000000  0.064516  0.010753  0.010753  0.075269  0.000000  0.064516
 0.000000  0.053763  0.043011  0.000000  0.107527  0.053763  0.010753  0.043011  0.032258  0.086022  0.000000  0.010753  0.182796  0.021505  0.236559  0.000000  0.032258  0.086022  0.000000  0.000000
 0.032258  0.021505  0.000000  0.118280  0.064516  0.043011  0.032258  0.021505  0.000000  0.129032  0.010753  0.086022  0.000000  0.000000  0.193548  0.000000  0.010753  0.161290  0.000000  0.075269
 0.000000  0.000000  0.500000  0.000000  0.000000  0.395833  0.000000  0.000000  0.000000  0.000000  0.000000  0.000000  0.000000  0.000000  0.000000  0.104167  0.000000  0.000000  0.000000  0.000000
 0.119403  0.000000  0.014925  0.089552  0.059701  0.000000  0.059701  0.044776  0.059701  0.104478  0.000000  0.029851  0.029851  0.029851  0.194030  0.000000  0.074627  0.044776  0.000000  0.044776
 0.010753  0.075269  0.000000  0.000000  0.000000  0.107527  0.000000  0.053763  0.010753  0.161290  0.000000  0.000000  0.193548  0.000000  0.000000  0.118280  0.172043  0.043011  0.043011  0.010753
 0.000000  0.000000  0.000000  0.118280  0.000000  0.129032  0.064516  0.000000  0.000000  0.000000  0.000000  0.000000  0.419355  0.000000  0.000000  0.053763  0.215054  0.000000  0.000000  0.000000
 0.365591  0.000000  0.000000  0.000000  0.053763  0.204301  0.043011  0.000000  0.000000  0.000000  0.086022  0.000000  0.000000  0.000000  0.000000  0.150538  0.000000  0.096774  0.000000  0.000000
 0.086022  0.311828  0.032258  0.096774  0.064516  0.000000  0.000000  0.021505  0.043011  0.064516  0.010753  0.010753  0.086022  0.032258  0.118280  0.021505  0.000000  0.000000  0.000000  0.000000
 0.053763  0.000000  0.000000  0.000000  0.064516  0.000000  0.000000  0.000000  0.000000  0.204301  0.000000  0.021505  0.032258  0.000000  0.376344  0.032258  0.010753  0.107527  0.000000  0.096774
 0.129032  0.000000  0.172043  0.096774  0.010753  0.032258  0.000000  0.010753  0.000000  0.107527  0.043011  0.000000  0.000000  0.032258  0.182796  0.053763  0.000000  0.086022  0.000000  0.043011
 0.576923  0.000000  0.000000  0.000000  0.000000  0.000000  0.000000  0.000000  0.057692  0.000000  0.000000  0.076923  0.000000  0.000000  0.000000  0.134615  0.153846  0.000000  0.000000  0.000000
 0.086022  0.000000  0.032258  0.000000  0.021505  0.000000  0.000000  0.096774  0.032258  0.215054  0.000000  0.000000  0.182796  0.032258  0.107527  0.000000  0.010753  0.032258  0.129032  0.021505
 0.053763  0.064516  0.053763  0.086022  0.032258  0.107527  0.129032  0.000000  0.010753  0.225806  0.000000  0.010753  0.043011  0.010753  0.118280  0.000000  0.032258  0.000000  0.000000  0.021505
 0.000000  0.000000  0.000000  0.000000  0.000000  0.000000  0.000000  0.000000  0.000000  0.000000  0.000000  0.000000  0.000000  0.000000  1.000000  0.000000  0.000000  0.000000  0.000000  0.000000

MOTIF  9

BL   MOTIF 9 width=20 seqs=93
letter-probability matrix: alength= 20 w= 20 nsites= 93 E= 1
 0.129032  0.000000  0.000000  0.000000  0.000000  0.000000  0.021505  0.000000  0.032258  0.010753  0.086022  0.000000  0.000000  0.000000  0.559140  0.161290  0.000000  0.000000  0.000000  0.000000
 0.129032  0.000000  0.139785  0.010753  0.000000  0.043011  0.000000  0.000000  0.000000  0.225806  0.000000  0.000000  0.129032  0.064516  0.096774  0.010753  0.107527  0.000000  0.000000  0.043011
 0.010753  0.000000  0.000000  0.172043  0.096774  0.000000  0.000000  0.000000  0.000000  0.000000  0.000000  0.000000  0.000000  0.021505  0.333333  0.150538  0.000000  0.182796  0.000000  0.032258
 0.017544  0.000000  0.000000  0.000000  0.000000  0.000000  0.000000  0.000000  0.000000  0.052632  0.000000  0.000000  0.421053  0.000000  0.140351  0.070175  0.052632  0.245614  0.000000  0.000000
 0.043011  0.000000  0.000000  0.075269  0.053763  0.000000  0.000000  0.032258  0.000000  0.161290  0.000000  0.010753  0.053763  0.000000  0.376344  0.000000  0.053763  0.129032  0.000000  0.010753
 0.225806  0.000000  0.172043  0.000000  0.000000  0.032258  0.000000  0.000000  0.000000  0.139785  0.000000  0.000000  0.161290  0.021505  0.000000  0.096774  0.000000  0.150538  0.000000  0.000000
 0.000000  0.000000  0.000000  0.000000  0.000000  0.021505  0.193548  0.000000  0.000000  0.107527  0.000000  0.053763  0.569892  0.000000  0.000000  0.053763  0.000000  0.000000  0.000000  0.000000
 0.064516  0.000000  0.000000  0.000000  0.043011  0.172043  0.096774  0.000000  0.000000  0.000000  0.000000  0.000000  0.043011  0.000000  0.311828  0.150538  0.000000  0.118280  0.000000  0.000000
 0.139785  0.053763  0.043011  0.010753  0.000000  0.086022  0.000000  0.032258  0.000000  0.150538  0.000000  0.000000  0.139785  0.043011  0.086022  0.107527  0.096774  0.000000  0.000000  0.010753
 0.000000  0.010753  0.118280  0.010753  0.075269  0.043011  0.064516  0.043011  0.043011  0.086022  0.043011  0.000000  0.096774  0.118280  0.086022  0.075269  0.010753  0.043011  0.000000  0.032258
 0.032258  0.000000  0.053763  0.182796  0.000000  0.043011  0.118280  0.000000  0.000000  0.053763  0.000000  0.086022  0.075269  0.010753  0.333333  0.000000  0.000000  0.010753  0.000000  0.000000
 0.000000  0.000000  0.064516  0.096774  0.000000  0.010753  0.204301  0.000000  0.000000  0.021505  0.021505  0.010753  0.032258  0.000000  0.215054  0.000000  0.064516  0.172043  0.000000  0.086022
 0.129032  0.000000  0.096774  0.043011  0.000000  0.010753  0.053763  0.021505  0.021505  0.172043  0.000000  0.000000  0.118280  0.032258  0.096774  0.086022  0.064516  0.000000  0.053763  0.000000
 0.021505  0.129032  0.010753  0.129032  0.258065  0.000000  0.000000  0.000000  0.010753  0.000000  0.000000  0.000000  0.032258  0.000000  0.118280  0.043011  0.000000  0.247312  0.000000  0.000000
 0.086957  0.000000  0.000000  0.000000  0.000000  0.000000  0.032609  0.010870  0.000000  0.163043  0.021739  0.010870  0.086957  0.021739  0.228261  0.097826  0.021739  0.108696  0.000000  0.108696
 0.000000  0.000000  0.000000  0.000000  0.268817  0.000000  0.021505  0.000000  0.000000  0.000000  0.000000  0.118280  0.215054  0.000000  0.322581  0.000000  0.000000  0.000000  0.000000  0.053763
 0.236559  0.000000  0.107527  0.043011  0.000000  0.000000  0.043011  0.000000  0.000000  0.000000  0.000000  0.000000  0.107527  0.000000  0.258065  0.010753  0.182796  0.010753  0.000000  0.000000
 0.021505  0.107527  0.000000  0.021505  0.000000  0.000000  0.010753  0.043011  0.000000  0.161290  0.000000  0.000000  0.193548  0.000000  0.043011  0.118280  0.075269  0.075269  0.000000  0.129032
 0.086022  0.000000  0.000000  0.000000  0.000000  0.000000  0.021505  0.000000  0.000000  0.268817  0.129032  0.000000  0.494624  0.000000  0.000000  0.000000  0.000000  0.000000  0.000000  0.000000
 0.000000  0.000000  0.000000  0.010753  0.000000  0.000000  0.053763  0.053763  0.000000  0.021505  0.000000  0.000000  0.344086  0.000000  0.376344  0.010753  0.096774  0.032258  0.000000  0.000000

MOTIF  10

BL   MOTIF 10 width=20 seqs=93
letter-probability matrix: alength= 20 w= 20 nsites= 93 E= 1
 0.000000  0.032258  0.000000  0.021505  0.139785  0.000000  0.290323  0.000000  0.000000  0.021505  0.000000  0.000000  0.000000  0.182796  0.172043  0.000000  0.064516  0.000000  0.000000  0.075269
 0.129032  0.000000  0.000000  0.000000  0.043011  0.010753  0.053763  0.010753  0.000000  0.096774  0.053763  0.000000  0.000000  0.021505  0.086022  0.043011  0.107527  0.247312  0.021505  0.075269
 0.000000  0.000000  0.086022  0.086022  0.000000  0.000000  0.000000  0.000000  0.043011  0.000000  0.000000  0.053763  0.483871  0.000000  0.215054  0.000000  0.032258  0.000000  0.000000  0.000000
 0.000000  0.000000  0.000000  0.000000  0.000000  0.000000  0.000000  0.000000  0.000000  0.000000  0.000000  0.000000  0.268817  0.000000  0.322581  0.268817  0.000000  0.139785  0.000000  0.000000
 0.000000  0.053763  0.000000  0.000000  0.000000  0.118280  0.096774  0.064516  0.000000  0.161290  0.000000  0.000000  0.333333  0.000000  0.000000  0.000000  0.000000  0.172043  0.000000  0.000000
 0.000000  0.096774  0.000000  0.000000  0.301075  0.000000  0.000000  0.000000  0.000000  0.000000  0.032258  0.000000  0.225806  0.000000  0.247312  0.000000  0.000000  0.053763  0.000000  0.043011
 0.000000  0.000000  0.272727  0.000000  0.000000  0.363636  0.000000  0.000000  0.000000  0.000000  0.000000  0.090909  0.000000  0.000000  0.000000  0.272727  0.000000  0.000000  0.000000  0.000000
 0.172043  0.043011  0.043011  0.064516  0.010753  0.000000  0.150538  0.021505  0.000000  0.150538  0.021505  0.010753  0.043011  0.000000  0.161290  0.000000  0.043011  0.000000  0.032258  0.032258
 0.043011  0.032258  0.053763  0.010753  0.000000  0.118280  0.043011  0.000000  0.021505  0.107527  0.000000  0.043011  0.247312  0.021505  0.086022  0.139785  0.032258  0.000000  0.000000  0.000000
 0.010753  0.000000  0.000000  0.000000  0.032258  0.010753  0.043011  0.032258  0.000000  0.172043  0.000000  0.043011  0.236559  0.000000  0.236559  0.000000  0.086022  0.032258  0.000000  0.064516
 0.107527  0.000000  0.118280  0.064516  0.139785  0.096774  0.000000  0.000000  0.000000  0.000000  0.000000  0.021505  0.204301  0.000000  0.000000  0.107527  0.043011  0.000000  0.010753  0.086022
 0.107527  0.000000  0.064516  0.032258  0.000000  0.086022  0.107527  0.000000  0.043011  0.075269  0.000000  0.000000  0.225806  0.043011  0.053763  0.043011  0.010753  0.075269  0.010753  0.021505
