MEME version 4.0

ALPHABET= ACDEFGHIKLMNPQRSTVWY

strands: + -

Background letter frequencies (from dataset without add-one prior applied):
A 0.103 C 0.019 D 0.048 E 0.051 F 0.037 G 0.065 H 0.027 I 0.038 K 0.029 L 0.101 M 0.020 N 0.032 P 0.078 Q 0.036 R 0.070 S 0.070 T 0.067 V 0.070 W 0.010 Y 0.030

MOTIF  1

BL   MOTIF 1 width=21 seqs=146
letter-probability matrix: alength= 20 w= 21 nsites= 134 E= 1
 0.201493  0.000000  0.000000  0.000000  0.000000  0.074627  0.000000  0.000000  0.000000  0.126866  0.000000  0.000000  0.455224  0.000000  0.000000  0.082090  0.059701  0.000000  0.000000  0.000000
 0.074627  0.014925  0.067164  0.007463  0.000000  0.000000  0.052239  0.000000  0.037313  0.000000  0.000000  0.052239  0.231343  0.029851  0.074627  0.246269  0.007463  0.082090  0.022388  0.000000
 0.074627  0.000000  0.014925  0.097015  0.000000  0.000000  0.000000  0.000000  0.022388  0.074627  0.007463  0.074627  0.201493  0.000000  0.238806  0.044776  0.149254  0.000000  0.000000  0.000000
 0.186567  0.000000  0.000000  0.000000  0.000000  0.007463  0.059701  0.000000  0.000000  0.052239  0.000000  0.000000  0.462687  0.000000  0.000000  0.000000  0.111940  0.119403  0.000000  0.000000
 0.000000  0.000000  0.007463  0.029851  0.000000  0.000000  0.000000  0.000000  0.000000  0.000000  0.000000  0.000000  0.477612  0.000000  0.335821  0.000000  0.149254  0.000000  0.000000  0.000000
 0.067164  0.000000  0.000000  0.000000  0.000000  0.298507  0.000000  0.000000  0.000000  0.044776  0.000000  0.000000  0.291045  0.000000  0.000000  0.253731  0.000000  0.044776  0.000000  0.000000
 0.126866  0.000000  0.029851  0.037313  0.000000  0.119403  0.022388  0.000000  0.029851  0.029851  0.000000  0.037313  0.223881  0.007463  0.126866  0.052239  0.044776  0.067164  0.000000  0.044776
 0.082090  0.000000  0.067164  0.037313  0.007463  0.186567  0.000000  0.000000  0.014925  0.052239  0.000000  0.007463  0.097015  0.022388  0.007463  0.171642  0.246269  0.000000  0.000000  0.000000
 0.007463  0.000000  0.082090  0.007463  0.022388  0.000000  0.149254  0.000000  0.000000  0.059701  0.000000  0.000000  0.291045  0.000000  0.104478  0.156716  0.104478  0.000000  0.000000  0.014925
 0.298507  0.014925  0.000000  0.000000  0.000000  0.126866  0.111940  0.000000  0.000000  0.000000  0.000000  0.000000  0.074627  0.000000  0.134328  0.164179  0.007463  0.067164  0.000000  0.000000
 0.059701  0.000000  0.000000  0.089552  0.007463  0.261194  0.059701  0.044776  0.000000  0.134328  0.000000  0.014925  0.007463  0.014925  0.119403  0.074627  0.111940  0.000000  0.000000  0.000000
 0.194030  0.000000  0.000000  0.000000  0.000000  0.000000  0.000000  0.000000  0.000000  0.029851  0.000000  0.067164  0.447761  0.000000  0.126866  0.000000  0.029851  0.104478  0.000000  0.000000
 0.126866  0.000000  0.014925  0.000000  0.000000  0.000000  0.000000  0.000000  0.037313  0.037313  0.000000  0.000000  0.417910  0.000000  0.000000  0.156716  0.208955  0.000000  0.000000  0.000000
 0.089552  0.000000  0.029851  0.059701  0.000000  0.059701  0.007463  0.000000  0.007463  0.014925  0.000000  0.044776  0.246269  0.022388  0.134328  0.104478  0.104478  0.067164  0.000000  0.007463
 0.126866  0.000000  0.089552  0.014925  0.007463  0.014925  0.000000  0.044776  0.000000  0.111940  0.000000  0.059701  0.156716  0.052239  0.104478  0.044776  0.141791  0.007463  0.000000  0.022388
 0.097015  0.000000  0.000000  0.000000  0.000000  0.000000  0.000000  0.000000  0.000000  0.000000  0.000000  0.000000  0.485075  0.022388  0.000000  0.201493  0.111940  0.082090  0.000000  0.000000
 0.074627  0.000000  0.000000  0.014925  0.014925  0.134328  0.104478  0.000000  0.014925  0.022388  0.022388  0.029851  0.216418  0.000000  0.067164  0.037313  0.097015  0.074627  0.074627  0.000000
 0.305970  0.000000  0.000000  0.000000  0.014925  0.000000  0.029851  0.000000  0.029851  0.000000  0.000000  0.000000  0.358209  0.000000  0.149254  0.000000  0.097015  0.000000  0.000000  0.014925
 0.141791  0.000000  0.037313  0.037313  0.000000  0.067164  0.007463  0.000000  0.014925  0.000000  0.000000  0.014925  0.223881  0.014925  0.000000  0.194030  0.179104  0.067164  0.000000  0.000000
 0.156716  0.000000  0.029851  0.000000  0.000000  0.000000  0.000000  0.000000  0.014925  0.044776  0.067164  0.000000  0.373134  0.082090  0.029851  0.037313  0.029851  0.111940  0.007463  0.014925
 0.119403  0.082090  0.014925  0.044776  0.029851  0.052239  0.000000  0.007463  0.037313  0.037313  0.014925  0.022388  0.149254  0.029851  0.111940  0.044776  0.126866  0.037313  0.037313  0.000000

MOTIF  2

BL   MOTIF 2 width=20 seqs=146
letter-probability matrix: alength= 20 w= 20 nsites= 138 E= 1
 0.144928  0.000000  0.000000  0.000000  0.000000  0.000000  0.000000  0.028986  0.000000  0.108696  0.000000  0.000000  0.478261  0.000000  0.028986  0.123188  0.086957  0.000000  0.000000  0.000000
 0.159420  0.000000  0.065217  0.036232  0.000000  0.123188  0.000000  0.000000  0.007246  0.043478  0.000000  0.014493  0.137681  0.036232  0.195652  0.101449  0.028986  0.028986  0.000000  0.021739
 0.137681  0.000000  0.000000  0.021739  0.028986  0.065217  0.000000  0.000000  0.000000  0.057971  0.000000  0.000000  0.086957  0.000000  0.130435  0.115942  0.275362  0.072464  0.007246  0.000000
 0.028986  0.000000  0.000000  0.000000  0.000000  0.000000  0.202899  0.000000  0.000000  0.021739  0.000000  0.000000  0.507246  0.000000  0.000000  0.007246  0.188406  0.028986  0.000000  0.014493
 0.626866  0.000000  0.000000  0.059701  0.000000  0.089552  0.000000  0.000000  0.000000  0.000000  0.000000  0.000000  0.000000  0.000000  0.179104  0.000000  0.000000  0.029851  0.014925  0.000000
 0.036232  0.000000  0.007246  0.000000  0.000000  0.202899  0.007246  0.036232  0.000000  0.065217  0.000000  0.021739  0.065217  0.021739  0.079710  0.101449  0.108696  0.246377  0.000000  0.000000
 0.152174  0.072464  0.050725  0.014493  0.000000  0.108696  0.021739  0.000000  0.021739  0.000000  0.000000  0.007246  0.413043  0.000000  0.000000  0.108696  0.028986  0.000000  0.000000  0.000000
 0.137681  0.000000  0.014493  0.014493  0.036232  0.057971  0.000000  0.028986  0.007246  0.086957  0.000000  0.036232  0.144928  0.036232  0.072464  0.166667  0.072464  0.065217  0.021739  0.000000
 0.152174  0.000000  0.028986  0.036232  0.000000  0.021739  0.007246  0.000000  0.000000  0.000000  0.000000  0.079710  0.289855  0.000000  0.130435  0.050725  0.181159  0.000000  0.000000  0.021739
 0.043478  0.000000  0.108696  0.028986  0.028986  0.108696  0.007246  0.014493  0.007246  0.065217  0.000000  0.014493  0.159420  0.000000  0.028986  0.086957  0.202899  0.079710  0.000000  0.014493
 0.000000  0.000000  0.000000  0.000000  0.000000  0.000000  0.000000  0.000000  0.045455  0.181818  0.000000  0.000000  0.704545  0.045455  0.000000  0.000000  0.022727  0.000000  0.000000  0.000000
 0.052632  0.000000  0.045113  0.060150  0.000000  0.075188  0.000000  0.000000  0.015038  0.000000  0.000000  0.075188  0.541353  0.045113  0.000000  0.000000  0.000000  0.090226  0.000000  0.000000
 0.173913  0.000000  0.000000  0.050725  0.028986  0.108696  0.000000  0.050725  0.028986  0.079710  0.028986  0.007246  0.000000  0.000000  0.086957  0.202899  0.036232  0.036232  0.000000  0.079710
 0.000000  0.000000  0.033898  0.000000  0.000000  0.000000  0.000000  0.000000  0.000000  0.000000  0.000000  0.000000  0.000000  0.000000  0.000000  0.389831  0.559322  0.016949  0.000000  0.000000
 0.304348  0.000000  0.000000  0.000000  0.057971  0.000000  0.195652  0.000000  0.000000  0.007246  0.000000  0.000000  0.260870  0.021739  0.000000  0.072464  0.000000  0.079710  0.000000  0.000000
 0.152174  0.036232  0.000000  0.007246  0.000000  0.094203  0.000000  0.000000  0.000000  0.123188  0.000000  0.000000  0.181159  0.000000  0.137681  0.101449  0.137681  0.028986  0.000000  0.000000
 0.000000  0.000000  0.000000  0.000000  0.000000  0.000000  0.000000  0.000000  0.028986  0.000000  0.000000  0.000000  0.601449  0.000000  0.188406  0.000000  0.181159  0.000000  0.000000  0.000000
 0.173913  0.000000  0.000000  0.072464  0.000000  0.057971  0.108696  0.000000  0.000000  0.007246  0.000000  0.007246  0.318841  0.021739  0.094203  0.094203  0.043478  0.000000  0.000000  0.000000
 0.231884  0.000000  0.065217  0.000000  0.000000  0.000000  0.043478  0.007246  0.021739  0.000000  0.000000  0.000000  0.289855  0.000000  0.101449  0.000000  0.217391  0.000000  0.000000  0.021739
 0.050725  0.043478  0.021739  0.014493  0.000000  0.000000  0.000000  0.000000  0.000000  0.043478  0.000000  0.000000  0.217391  0.057971  0.057971  0.340580  0.057971  0.094203  0.000000  0.000000

MOTIF  3

BL   MOTIF 3 width=20 seqs=146
letter-probability matrix: alength= 20 w= 20 nsites= 134 E= 1
 0.149254  0.000000  0.000000  0.000000  0.000000  0.000000  0.000000  0.037313  0.000000  0.126866  0.007463  0.000000  0.171642  0.000000  0.141791  0.238806  0.000000  0.067164  0.007463  0.052239
 0.052239  0.059701  0.000000  0.000000  0.000000  0.029851  0.067164  0.000000  0.000000  0.171642  0.000000  0.000000  0.231343  0.000000  0.000000  0.126866  0.231343  0.029851  0.000000  0.000000
 0.156716  0.000000  0.022388  0.000000  0.000000  0.000000  0.000000  0.000000  0.000000  0.000000  0.000000  0.000000  0.358209  0.074627  0.164179  0.000000  0.171642  0.000000  0.000000  0.052239
 0.164179  0.000000  0.067164  0.082090  0.000000  0.000000  0.029851  0.000000  0.000000  0.022388  0.000000  0.000000  0.283582  0.000000  0.164179  0.029851  0.156716  0.000000  0.000000  0.000000
 0.000000  0.000000  0.000000  0.000000  0.000000  0.162791  0.186047  0.000000  0.000000  0.000000  0.000000  0.000000  0.325581  0.000000  0.000000  0.174419  0.023256  0.127907  0.000000  0.000000
 0.126866  0.000000  0.000000  0.029851  0.000000  0.000000  0.022388  0.000000  0.000000  0.082090  0.029851  0.029851  0.216418  0.000000  0.134328  0.156716  0.059701  0.111940  0.000000  0.000000
 0.141791  0.000000  0.014925  0.000000  0.044776  0.171642  0.067164  0.000000  0.014925  0.000000  0.000000  0.052239  0.089552  0.000000  0.119403  0.156716  0.126866  0.000000  0.000000  0.000000
 0.022388  0.000000  0.000000  0.014925  0.000000  0.134328  0.000000  0.000000  0.000000  0.007463  0.000000  0.000000  0.335821  0.000000  0.149254  0.186567  0.000000  0.149254  0.000000  0.000000
 0.134328  0.000000  0.000000  0.022388  0.014925  0.000000  0.007463  0.007463  0.007463  0.000000  0.007463  0.037313  0.455224  0.000000  0.059701  0.000000  0.149254  0.074627  0.000000  0.022388
 0.067164  0.000000  0.000000  0.000000  0.022388  0.156716  0.000000  0.000000  0.000000  0.126866  0.007463  0.000000  0.007463  0.000000  0.194030  0.171642  0.194030  0.052239  0.000000  0.000000
 0.064516  0.000000  0.258065  0.032258  0.000000  0.096774  0.000000  0.000000  0.000000  0.000000  0.000000  0.048387  0.209677  0.161290  0.000000  0.064516  0.000000  0.000000  0.000000  0.064516
 0.134328  0.000000  0.074627  0.067164  0.000000  0.000000  0.014925  0.000000  0.029851  0.156716  0.000000  0.029851  0.291045  0.014925  0.052239  0.037313  0.029851  0.067164  0.000000  0.000000
 0.000000  0.000000  0.000000  0.000000  0.000000  0.179487  0.000000  0.000000  0.000000  0.153846  0.000000  0.000000  0.000000  0.000000  0.000000  0.358974  0.307692  0.000000  0.000000  0.000000
 0.171642  0.000000  0.000000  0.000000  0.000000  0.000000  0.000000  0.000000  0.000000  0.000000  0.000000  0.000000  0.417910  0.000000  0.000000  0.111940  0.291045  0.007463  0.000000  0.000000
 0.208955  0.000000  0.014925  0.007463  0.000000  0.000000  0.104478  0.074627  0.000000  0.126866  0.007463  0.000000  0.238806  0.000000  0.171642  0.029851  0.000000  0.007463  0.007463  0.000000
 0.276119  0.022388  0.000000  0.000000  0.000000  0.029851  0.000000  0.000000  0.007463  0.000000  0.000000  0.000000  0.283582  0.007463  0.000000  0.126866  0.141791  0.104478  0.000000  0.000000
 0.000000  0.000000  0.059701  0.000000  0.000000  0.000000  0.000000  0.000000  0.037313  0.000000  0.000000  0.007463  0.507463  0.000000  0.044776  0.238806  0.000000  0.104478  0.000000  0.000000
 0.268657  0.000000  0.000000  0.000000  0.000000  0.059701  0.000000  0.000000  0.014925  0.000000  0.000000  0.000000  0.171642  0.097015  0.320896  0.000000  0.067164  0.000000  0.000000  0.000000
 0.208955  0.052239  0.037313  0.089552  0.000000  0.044776  0.022388  0.000000  0.022388  0.052239  0.000000  0.000000  0.149254  0.022388  0.059701  0.082090  0.149254  0.000000  0.000000  0.007463
 0.082090  0.052239  0.000000  0.000000  0.000000  0.216418  0.000000  0.000000  0.000000  0.000000  0.000000  0.022388  0.619403  0.000000  0.000000  0.000000  0.000000  0.007463  0.000000  0.000000

MOTIF  4

BL   MOTIF 4 width=20 seqs=146
letter-probability matrix: alength= 20 w= 20 nsites= 135 E= 1
 0.118519  0.000000  0.000000  0.000000  0.000000  0.140741  0.096296  0.000000  0.000000  0.000000  0.088889  0.000000  0.296296  0.000000  0.000000  0.207407  0.051852  0.000000  0.000000  0.000000
 0.160377  0.000000  0.000000  0.000000  0.000000  0.000000  0.000000  0.000000  0.000000  0.000000  0.000000  0.000000  0.556604  0.000000  0.094340  0.000000  0.188679  0.000000  0.000000  0.000000
 0.088889  0.000000  0.059259  0.088889  0.000000  0.074074  0.059259  0.000000  0.044444  0.000000  0.000000  0.029630  0.088889  0.044444  0.037037  0.237037  0.051852  0.029630  0.022222  0.044444
 0.111111  0.000000  0.007407  0.051852  0.000000  0.000000  0.000000  0.000000  0.000000  0.081481  0.014815  0.066667  0.148148  0.014815  0.266667  0.051852  0.014815  0.170370  0.000000  0.000000
 0.133333  0.000000  0.057143  0.000000  0.000000  0.000000  0.066667  0.000000  0.000000  0.000000  0.000000  0.000000  0.619048  0.000000  0.066667  0.009524  0.000000  0.047619  0.000000  0.000000
 0.000000  0.000000  0.000000  0.000000  0.000000  0.152941  0.000000  0.000000  0.035294  0.188235  0.000000  0.011765  0.000000  0.105882  0.247059  0.000000  0.211765  0.000000  0.000000  0.047059
 0.051852  0.000000  0.014815  0.022222  0.029630  0.170370  0.118519  0.000000  0.000000  0.000000  0.000000  0.014815  0.096296  0.000000  0.103704  0.155556  0.177778  0.000000  0.029630  0.014815
 0.056604  0.000000  0.000000  0.000000  0.000000  0.000000  0.000000  0.000000  0.000000  0.245283  0.000000  0.000000  0.396226  0.018868  0.226415  0.056604  0.000000  0.000000  0.000000  0.000000
 0.170370  0.000000  0.014815  0.044444  0.000000  0.059259  0.096296  0.000000  0.000000  0.000000  0.000000  0.000000  0.362963  0.000000  0.140741  0.000000  0.000000  0.111111  0.000000  0.000000
 0.155556  0.000000  0.000000  0.059259  0.007407  0.214815  0.000000  0.000000  0.007407  0.088889  0.000000  0.007407  0.051852  0.044444  0.066667  0.162963  0.125926  0.007407  0.000000  0.000000
 0.227642  0.089431  0.000000  0.040650  0.000000  0.000000  0.000000  0.000000  0.000000  0.000000  0.000000  0.000000  0.512195  0.000000  0.000000  0.000000  0.000000  0.130081  0.000000  0.000000
 0.022222  0.014815  0.000000  0.000000  0.059259  0.029630  0.066667  0.000000  0.014815  0.148148  0.000000  0.000000  0.311111  0.000000  0.059259  0.088889  0.118519  0.066667  0.000000  0.000000
 0.007407  0.000000  0.029630  0.022222  0.000000  0.170370  0.037037  0.000000  0.000000  0.000000  0.000000  0.022222  0.237037  0.000000  0.162963  0.148148  0.125926  0.000000  0.037037  0.000000
 0.177778  0.000000  0.007407  0.059259  0.000000  0.000000  0.000000  0.066667  0.014815  0.074074  0.000000  0.007407  0.303704  0.007407  0.111111  0.000000  0.051852  0.111111  0.007407  0.000000
 0.007407  0.044444  0.000000  0.014815  0.007407  0.029630  0.000000  0.000000  0.000000  0.103704  0.000000  0.022222  0.340741  0.059259  0.096296  0.162963  0.000000  0.051852  0.014815  0.044444
 0.000000  0.000000  0.074074  0.051852  0.022222  0.096296  0.000000  0.044444  0.000000  0.125926  0.037037  0.000000  0.229630  0.007407  0.140741  0.103704  0.044444  0.022222  0.000000  0.000000
 0.229630  0.000000  0.000000  0.000000  0.000000  0.000000  0.059259  0.000000  0.000000  0.029630  0.000000  0.000000  0.370370  0.000000  0.022222  0.155556  0.133333  0.000000  0.000000  0.000000
 0.192593  0.022222  0.000000  0.000000  0.000000  0.007407  0.000000  0.014815  0.000000  0.000000  0.000000  0.000000  0.355556  0.000000  0.103704  0.133333  0.148148  0.022222  0.000000  0.000000
 0.266667  0.000000  0.000000  0.029630  0.000000  0.000000  0.096296  0.000000  0.059259  0.000000  0.000000  0.000000  0.296296  0.000000  0.000000  0.007407  0.244444  0.000000  0.000000  0.000000
 0.177778  0.125926  0.000000  0.000000  0.000000  0.014815  0.000000  0.000000  0.000000  0.000000  0.000000  0.014815  0.377778  0.000000  0.192593  0.096296  0.000000  0.000000  0.000000  0.000000

MOTIF  5

BL   MOTIF 5 width=20 seqs=146
letter-probability matrix: alength= 20 w= 20 nsites= 137 E= 1
 0.350365  0.000000  0.000000  0.000000  0.058394  0.000000  0.043796  0.000000  0.000000  0.080292  0.007299  0.000000  0.000000  0.000000  0.102190  0.131387  0.116788  0.080292  0.000000  0.029197
 0.255474  0.000000  0.000000  0.000000  0.000000  0.029197  0.000000  0.000000  0.000000  0.000000  0.000000  0.000000  0.386861  0.000000  0.160584  0.167883  0.000000  0.000000  0.000000  0.000000
 0.014599  0.000000  0.000000  0.014599  0.000000  0.116788  0.087591  0.014599  0.014599  0.138686  0.021898  0.000000  0.153285  0.000000  0.145985  0.094891  0.043796  0.138686  0.000000  0.000000
 0.175182  0.000000  0.000000  0.000000  0.007299  0.000000  0.036496  0.000000  0.007299  0.051095  0.000000  0.000000  0.416058  0.000000  0.131387  0.102190  0.072993  0.000000  0.000000  0.000000
 0.029197  0.000000  0.000000  0.072993  0.000000  0.138686  0.087591  0.007299  0.029197  0.058394  0.000000  0.007299  0.233577  0.109489  0.116788  0.058394  0.051095  0.000000  0.000000  0.000000
 0.131387  0.000000  0.014599  0.072993  0.000000  0.153285  0.007299  0.000000  0.000000  0.021898  0.000000  0.007299  0.182482  0.051095  0.051095  0.051095  0.153285  0.094891  0.000000  0.007299
 0.000000  0.000000  0.000000  0.000000  0.000000  0.094891  0.000000  0.000000  0.000000  0.175182  0.000000  0.000000  0.503650  0.000000  0.000000  0.000000  0.226277  0.000000  0.000000  0.000000
 0.204380  0.000000  0.000000  0.000000  0.000000  0.131387  0.000000  0.000000  0.000000  0.000000  0.000000  0.000000  0.167883  0.000000  0.153285  0.255474  0.000000  0.087591  0.000000  0.000000
 0.197080  0.051095  0.000000  0.043796  0.000000  0.080292  0.051095  0.000000  0.000000  0.065693  0.000000  0.021898  0.175182  0.014599  0.036496  0.000000  0.138686  0.102190  0.000000  0.021898
 0.000000  0.000000  0.000000  0.000000  0.000000  0.000000  0.000000  0.000000  0.000000  0.175182  0.000000  0.036496  0.503650  0.000000  0.021898  0.248175  0.014599  0.000000  0.000000  0.000000
 0.000000  0.000000  0.029197  0.021898  0.000000  0.145985  0.051095  0.000000  0.014599  0.000000  0.000000  0.014599  0.233577  0.021898  0.145985  0.080292  0.189781  0.000000  0.051095  0.000000
 0.065693  0.000000  0.000000  0.000000  0.000000  0.007299  0.145985  0.007299  0.007299  0.124088  0.007299  0.000000  0.240876  0.000000  0.109489  0.000000  0.182482  0.102190  0.000000  0.000000
 0.000000  0.000000  0.000000  0.000000  0.000000  0.000000  0.000000  0.000000  0.000000  0.000000  0.000000  0.000000  0.695652  0.304348  0.000000  0.000000  0.000000  0.000000  0.000000  0.000000
 0.175182  0.000000  0.036496  0.058394  0.000000  0.065693  0.051095  0.000000  0.043796  0.000000  0.000000  0.094891  0.182482  0.000000  0.189781  0.102190  0.000000  0.000000  0.000000  0.000000
 0.087591  0.021898  0.000000  0.000000  0.051095  0.058394  0.014599  0.021898  0.000000  0.058394  0.014599  0.000000  0.197080  0.029197  0.000000  0.175182  0.197080  0.058394  0.014599  0.000000
 0.262774  0.000000  0.014599  0.000000  0.036496  0.000000  0.102190  0.000000  0.000000  0.000000  0.000000  0.000000  0.218978  0.014599  0.153285  0.000000  0.197080  0.000000  0.000000  0.000000
 0.262774  0.000000  0.000000  0.000000  0.007299  0.007299  0.000000  0.000000  0.000000  0.094891  0.000000  0.000000  0.240876  0.000000  0.116788  0.109489  0.000000  0.160584  0.000000  0.000000
 0.124088  0.000000  0.102190  0.000000  0.051095  0.000000  0.000000  0.007299  0.007299  0.043796  0.000000  0.000000  0.306569  0.000000  0.000000  0.000000  0.197080  0.160584  0.000000  0.000000
 0.145985  0.000000  0.000000  0.007299  0.000000  0.072993  0.000000  0.000000  0.000000  0.182482  0.014599  0.000000  0.357664  0.000000  0.000000  0.218978  0.000000  0.000000  0.000000  0.000000
 0.080292  0.051095  0.000000  0.000000  0.000000  0.000000  0.000000  0.036496  0.000000  0.065693  0.000000  0.000000  0.167883  0.000000  0.291971  0.000000  0.094891  0.211679  0.000000  0.000000

MOTIF  6

BL   MOTIF 6 width=20 seqs=146
letter-probability matrix: alength= 20 w= 20 nsites= 132 E= 1
 0.227273  0.015152  0.000000  0.007576  0.030303  0.000000  0.030303  0.000000  0.000000  0.128788  0.015152  0.015152  0.000000  0.000000  0.113636  0.037879  0.242424  0.098485  0.022727  0.015152
 0.242424  0.000000  0.000000  0.000000  0.000000  0.000000  0.000000  0.000000  0.000000  0.000000  0.000000  0.000000  0.659091  0.000000  0.000000  0.098485  0.000000  0.000000  0.000000  0.000000
 0.045455  0.000000  0.000000  0.000000  0.000000  0.075758  0.000000  0.000000  0.045455  0.045455  0.000000  0.015152  0.136364  0.068182  0.196970  0.219697  0.083333  0.053030  0.000000  0.015152
 0.128788  0.000000  0.000000  0.000000  0.000000  0.000000  0.053030  0.000000  0.000000  0.000000  0.000000  0.000000  0.287879  0.000000  0.189394  0.000000  0.340909  0.000000  0.000000  0.000000
 0.121212  0.000000  0.007576  0.000000  0.000000  0.143939  0.083333  0.000000  0.007576  0.090909  0.000000  0.000000  0.219697  0.000000  0.159091  0.007576  0.143939  0.000000  0.000000  0.015152
 0.000000  0.000000  0.090909  0.000000  0.000000  0.007576  0.000000  0.000000  0.000000  0.000000  0.000000  0.090909  0.348485  0.000000  0.219697  0.000000  0.000000  0.242424  0.000000  0.000000
 0.350000  0.000000  0.000000  0.000000  0.000000  0.000000  0.000000  0.000000  0.000000  0.000000  0.000000  0.000000  0.370000  0.000000  0.000000  0.280000  0.000000  0.000000  0.000000  0.000000
 0.204545  0.000000  0.022727  0.000000  0.000000  0.000000  0.000000  0.000000  0.015152  0.000000  0.000000  0.000000  0.401515  0.000000  0.053030  0.189394  0.000000  0.113636  0.000000  0.000000
 0.106061  0.000000  0.030303  0.000000  0.000000  0.166667  0.106061  0.000000  0.007576  0.000000  0.000000  0.000000  0.196970  0.000000  0.196970  0.045455  0.143939  0.000000  0.000000  0.000000
 0.000000  0.000000  0.000000  0.137931  0.000000  0.298851  0.000000  0.000000  0.000000  0.183908  0.000000  0.011494  0.000000  0.000000  0.000000  0.000000  0.367816  0.000000  0.000000  0.000000
 0.000000  0.000000  0.000000  0.000000  0.054054  0.000000  0.099099  0.000000  0.000000  0.000000  0.000000  0.000000  0.666667  0.000000  0.180180  0.000000  0.000000  0.000000  0.000000  0.000000
 0.121212  0.007576  0.000000  0.053030  0.015152  0.083333  0.000000  0.022727  0.000000  0.113636  0.007576  0.000000  0.083333  0.000000  0.113636  0.075758  0.166667  0.075758  0.000000  0.060606
 0.022727  0.000000  0.000000  0.000000  0.068182  0.075758  0.106061  0.037879  0.015152  0.037879  0.000000  0.045455  0.106061  0.000000  0.015152  0.272727  0.053030  0.113636  0.000000  0.030303
 0.212121  0.068182  0.000000  0.060606  0.000000  0.030303  0.045455  0.000000  0.000000  0.000000  0.000000  0.007576  0.234848  0.060606  0.053030  0.227273  0.000000  0.000000  0.000000  0.000000
 0.136364  0.000000  0.000000  0.000000  0.000000  0.000000  0.000000  0.000000  0.000000  0.000000  0.000000  0.000000  0.378788  0.000000  0.318182  0.007576  0.121212  0.037879  0.000000  0.000000
 0.166667  0.000000  0.000000  0.000000  0.000000  0.000000  0.037879  0.000000  0.000000  0.106061  0.000000  0.000000  0.416667  0.000000  0.000000  0.166667  0.090909  0.015152  0.000000  0.000000
 0.000000  0.000000  0.000000  0.000000  0.000000  0.151515  0.136364  0.000000  0.000000  0.015152  0.000000  0.053030  0.439394  0.083333  0.030303  0.000000  0.090909  0.000000  0.000000  0.000000
 0.121212  0.000000  0.000000  0.000000  0.000000  0.000000  0.000000  0.000000  0.000000  0.000000  0.000000  0.083333  0.507576  0.000000  0.000000  0.015152  0.159091  0.113636  0.000000  0.000000
 0.159091  0.000000  0.022727  0.007576  0.000000  0.166667  0.000000  0.000000  0.030303  0.000000  0.053030  0.045455  0.242424  0.007576  0.030303  0.128788  0.022727  0.045455  0.000000  0.037879
 0.189394  0.015152  0.000000  0.000000  0.000000  0.000000  0.000000  0.000000  0.030303  0.015152  0.000000  0.015152  0.295455  0.000000  0.189394  0.083333  0.166667  0.000000  0.000000  0.000000

MOTIF  7

BL   MOTIF 7 width=20 seqs=146
letter-probability matrix: alength= 20 w= 20 nsites= 136 E= 1
 0.066176  0.036765  0.007353  0.007353  0.000000  0.036765  0.000000  0.007353  0.007353  0.191176  0.029412  0.014706  0.286765  0.000000  0.051471  0.029412  0.161765  0.051471  0.000000  0.014706
 0.183824  0.000000  0.007353  0.051471  0.000000  0.022059  0.000000  0.000000  0.029412  0.110294  0.000000  0.051471  0.352941  0.029412  0.029412  0.066176  0.058824  0.000000  0.007353  0.000000
 0.014706  0.022059  0.000000  0.000000  0.000000  0.235294  0.000000  0.000000  0.000000  0.000000  0.000000  0.000000  0.161765  0.000000  0.294118  0.161765  0.095588  0.014706  0.000000  0.000000
 0.102941  0.000000  0.000000  0.007353  0.007353  0.000000  0.029412  0.000000  0.014706  0.066176  0.000000  0.014706  0.235294  0.000000  0.058824  0.080882  0.213235  0.169118  0.000000  0.000000
 0.330882  0.000000  0.000000  0.000000  0.029412  0.000000  0.088235  0.000000  0.000000  0.051471  0.000000  0.000000  0.227941  0.000000  0.022059  0.000000  0.169118  0.000000  0.000000  0.080882
 0.213235  0.000000  0.000000  0.000000  0.000000  0.147059  0.029412  0.000000  0.000000  0.000000  0.000000  0.000000  0.000000  0.000000  0.110294  0.286765  0.088235  0.125000  0.000000  0.000000
 0.073529  0.000000  0.000000  0.000000  0.000000  0.308824  0.000000  0.000000  0.000000  0.000000  0.000000  0.000000  0.176471  0.000000  0.000000  0.191176  0.000000  0.191176  0.000000  0.058824
 0.276190  0.000000  0.028571  0.000000  0.038095  0.000000  0.019048  0.019048  0.000000  0.038095  0.038095  0.009524  0.333333  0.076190  0.019048  0.000000  0.085714  0.000000  0.019048  0.000000
 0.102941  0.000000  0.000000  0.007353  0.058824  0.058824  0.000000  0.073529  0.014706  0.029412  0.000000  0.066176  0.088235  0.000000  0.125000  0.264706  0.044118  0.066176  0.000000  0.000000
 0.095588  0.000000  0.095588  0.022059  0.007353  0.000000  0.022059  0.007353  0.014706  0.169118  0.000000  0.022059  0.198529  0.095588  0.066176  0.088235  0.051471  0.044118  0.000000  0.000000
 0.107143  0.000000  0.000000  0.000000  0.000000  0.000000  0.000000  0.000000  0.000000  0.000000  0.000000  0.000000  0.857143  0.000000  0.000000  0.035714  0.000000  0.000000  0.000000  0.000000
 0.235294  0.022059  0.000000  0.000000  0.000000  0.022059  0.036765  0.000000  0.000000  0.000000  0.000000  0.000000  0.257353  0.000000  0.125000  0.007353  0.198529  0.095588  0.000000  0.000000
 0.051471  0.000000  0.000000  0.088235  0.000000  0.102941  0.000000  0.000000  0.000000  0.080882  0.000000  0.000000  0.308824  0.000000  0.073529  0.000000  0.272059  0.000000  0.022059  0.000000
 0.044776  0.000000  0.044776  0.000000  0.000000  0.000000  0.164179  0.059701  0.000000  0.238806  0.000000  0.014925  0.059701  0.000000  0.000000  0.119403  0.104478  0.134328  0.000000  0.014925
 0.034188  0.000000  0.000000  0.008547  0.000000  0.000000  0.000000  0.000000  0.000000  0.000000  0.000000  0.025641  0.452991  0.000000  0.188034  0.213675  0.017094  0.059829  0.000000  0.000000
 0.198529  0.000000  0.029412  0.066176  0.000000  0.257353  0.029412  0.000000  0.066176  0.000000  0.014706  0.022059  0.000000  0.058824  0.044118  0.161765  0.051471  0.000000  0.000000  0.000000
 0.154412  0.000000  0.000000  0.022059  0.000000  0.000000  0.000000  0.022059  0.000000  0.000000  0.000000  0.000000  0.536765  0.000000  0.066176  0.000000  0.198529  0.000000  0.000000  0.000000
 0.000000  0.000000  0.000000  0.000000  0.000000  0.000000  0.000000  0.000000  0.073529  0.000000  0.000000  0.000000  0.397059  0.000000  0.250000  0.000000  0.279412  0.000000  0.000000  0.000000
 0.257353  0.000000  0.000000  0.036765  0.000000  0.044118  0.125000  0.000000  0.000000  0.000000  0.000000  0.000000  0.419118  0.000000  0.000000  0.095588  0.000000  0.022059  0.000000  0.000000
 0.198529  0.000000  0.022059  0.000000  0.000000  0.000000  0.000000  0.000000  0.000000  0.000000  0.000000  0.000000  0.389706  0.007353  0.095588  0.036765  0.250000  0.000000  0.000000  0.000000

MOTIF  8

BL   MOTIF 8 width=20 seqs=146
letter-probability matrix: alength= 20 w= 20 nsites= 127 E= 1
 0.173228  0.000000  0.000000  0.000000  0.000000  0.000000  0.000000  0.000000  0.015748  0.212598  0.000000  0.000000  0.417323  0.000000  0.000000  0.149606  0.000000  0.000000  0.000000  0.031496
 0.031496  0.000000  0.000000  0.015748  0.000000  0.133858  0.047244  0.000000  0.047244  0.212598  0.000000  0.007874  0.007874  0.031496  0.125984  0.165354  0.173228  0.000000  0.000000  0.000000
 0.212598  0.000000  0.078740  0.062992  0.000000  0.055118  0.000000  0.000000  0.023622  0.000000  0.000000  0.000000  0.346457  0.015748  0.055118  0.039370  0.110236  0.000000  0.000000  0.000000
 0.133858  0.000000  0.015748  0.023622  0.000000  0.000000  0.070866  0.031496  0.000000  0.000000  0.000000  0.015748  0.330709  0.157480  0.000000  0.102362  0.062992  0.039370  0.000000  0.015748
 0.081301  0.000000  0.016260  0.016260  0.048780  0.105691  0.040650  0.000000  0.032520  0.065041  0.000000  0.032520  0.268293  0.000000  0.162602  0.048780  0.081301  0.000000  0.000000  0.000000
 0.062992  0.047244  0.015748  0.000000  0.023622  0.070866  0.055118  0.000000  0.000000  0.149606  0.015748  0.000000  0.307087  0.000000  0.007874  0.118110  0.086614  0.039370  0.000000  0.000000
 0.212598  0.000000  0.000000  0.000000  0.000000  0.000000  0.118110  0.000000  0.000000  0.055118  0.000000  0.000000  0.354331  0.000000  0.070866  0.110236  0.000000  0.078740  0.000000  0.000000
 0.039370  0.000000  0.015748  0.031496  0.000000  0.173228  0.000000  0.000000  0.000000  0.000000  0.000000  0.023622  0.267717  0.000000  0.236220  0.110236  0.031496  0.000000  0.000000  0.070866
 0.000000  0.000000  0.000000  0.000000  0.000000  0.000000  0.000000  0.000000  0.000000  0.000000  0.000000  0.000000  0.622047  0.000000  0.346457  0.000000  0.000000  0.031496  0.000000  0.000000
 0.228346  0.000000  0.070866  0.007874  0.000000  0.007874  0.062992  0.000000  0.070866  0.000000  0.000000  0.007874  0.338583  0.000000  0.055118  0.000000  0.118110  0.000000  0.000000  0.031496
 0.299213  0.000000  0.000000  0.000000  0.110236  0.094488  0.031496  0.000000  0.000000  0.000000  0.000000  0.000000  0.338583  0.000000  0.000000  0.023622  0.000000  0.102362  0.000000  0.000000
 0.219298  0.052632  0.000000  0.000000  0.000000  0.035088  0.000000  0.000000  0.000000  0.017544  0.000000  0.000000  0.000000  0.000000  0.201754  0.201754  0.271930  0.000000  0.000000  0.000000
 0.157480  0.000000  0.047244  0.086614  0.015748  0.047244  0.039370  0.000000  0.000000  0.157480  0.000000  0.000000  0.102362  0.031496  0.000000  0.094488  0.125984  0.094488  0.000000  0.000000
 0.196850  0.000000  0.015748  0.000000  0.000000  0.000000  0.007874  0.000000  0.015748  0.000000  0.000000  0.000000  0.456693  0.000000  0.102362  0.062992  0.039370  0.102362  0.000000  0.000000
 0.118110  0.023622  0.007874  0.039370  0.000000  0.165354  0.000000  0.031496  0.000000  0.070866  0.007874  0.000000  0.181102  0.047244  0.118110  0.118110  0.015748  0.023622  0.015748  0.015748
 0.015748  0.000000  0.000000  0.000000  0.000000  0.000000  0.000000  0.000000  0.000000  0.000000  0.000000  0.000000  0.377953  0.031496  0.125984  0.204724  0.070866  0.173228  0.000000  0.000000
 0.094488  0.000000  0.031496  0.007874  0.000000  0.204724  0.078740  0.000000  0.000000  0.070866  0.000000  0.000000  0.385827  0.000000  0.000000  0.118110  0.000000  0.007874  0.000000  0.000000
 0.228346  0.000000  0.000000  0.000000  0.000000  0.118110  0.000000  0.000000  0.007874  0.000000  0.000000  0.000000  0.307087  0.000000  0.133858  0.094488  0.110236  0.000000  0.000000  0.000000
 0.174603  0.000000  0.039683  0.079365  0.000000  0.000000  0.000000  0.000000  0.023810  0.095238  0.000000  0.000000  0.158730  0.031746  0.150794  0.111111  0.103175  0.031746  0.000000  0.000000
 0.314961  0.133858  0.000000  0.062992  0.000000  0.000000  0.000000  0.000000  0.000000  0.000000  0.000000  0.000000  0.393701  0.000000  0.000000  0.094488  0.000000  0.000000  0.000000  0.000000

MOTIF  9

BL   MOTIF 9 width=20 seqs=146
letter-probability matrix: alength= 20 w= 20 nsites= 130 E= 1
 0.000000  0.000000  0.015385  0.000000  0.000000  0.000000  0.000000  0.000000  0.000000  0.238462  0.000000  0.000000  0.723077  0.000000  0.000000  0.023077  0.000000  0.000000  0.000000  0.000000
 0.030769  0.000000  0.046154  0.069231  0.000000  0.161538  0.053846  0.000000  0.000000  0.038462  0.000000  0.000000  0.000000  0.000000  0.269231  0.076923  0.253846  0.000000  0.000000  0.000000
 0.238462  0.000000  0.007692  0.000000  0.000000  0.000000  0.000000  0.000000  0.000000  0.000000  0.000000  0.000000  0.469231  0.000000  0.038462  0.023077  0.000000  0.200000  0.000000  0.023077
 0.215385  0.038462  0.000000  0.000000  0.000000  0.038462  0.000000  0.046154  0.000000  0.000000  0.000000  0.000000  0.123077  0.000000  0.169231  0.169231  0.076923  0.123077  0.000000  0.000000
 0.000000  0.000000  0.144330  0.000000  0.000000  0.000000  0.000000  0.000000  0.000000  0.000000  0.000000  0.000000  0.484536  0.000000  0.000000  0.216495  0.154639  0.000000  0.000000  0.000000
 0.000000  0.000000  0.000000  0.000000  0.000000  0.184615  0.123077  0.000000  0.000000  0.084615  0.000000  0.000000  0.161538  0.000000  0.115385  0.192308  0.138462  0.000000  0.000000  0.000000
 0.176923  0.000000  0.000000  0.000000  0.000000  0.146154  0.000000  0.000000  0.000000  0.000000  0.000000  0.000000  0.323077  0.000000  0.000000  0.000000  0.238462  0.115385  0.000000  0.000000
 0.076923  0.000000  0.015385  0.000000  0.000000  0.123077  0.000000  0.015385  0.015385  0.161538  0.000000  0.061538  0.284615  0.000000  0.023077  0.046154  0.161538  0.000000  0.000000  0.015385
 0.230769  0.000000  0.000000  0.015385  0.000000  0.000000  0.000000  0.000000  0.015385  0.000000  0.000000  0.000000  0.369231  0.000000  0.100000  0.107692  0.053846  0.107692  0.000000  0.000000
 0.184615  0.000000  0.007692  0.061538  0.000000  0.000000  0.000000  0.000000  0.007692  0.061538  0.000000  0.015385  0.292308  0.061538  0.107692  0.000000  0.123077  0.076923  0.000000  0.000000
 0.315385  0.000000  0.000000  0.000000  0.000000  0.046154  0.000000  0.000000  0.000000  0.030769  0.000000  0.000000  0.315385  0.000000  0.107692  0.184615  0.000000  0.000000  0.000000  0.000000
 0.069231  0.046154  0.000000  0.000000  0.007692  0.115385  0.084615  0.038462  0.007692  0.123077  0.007692  0.000000  0.061538  0.000000  0.153846  0.015385  0.246154  0.015385  0.000000  0.007692
 0.000000  0.000000  0.000000  0.000000  0.000000  0.000000  0.130769  0.000000  0.000000  0.000000  0.000000  0.000000  0.284615  0.000000  0.000000  0.315385  0.107692  0.161538  0.000000  0.000000
 0.000000  0.000000  0.000000  0.000000  0.000000  0.138462  0.000000  0.000000  0.023077  0.000000  0.000000  0.000000  0.346154  0.000000  0.261538  0.000000  0.184615  0.000000  0.000000  0.046154
 0.184615  0.000000  0.115385  0.023077  0.000000  0.000000  0.038462  0.000000  0.023077  0.000000  0.000000  0.053846  0.230769  0.107692  0.061538  0.084615  0.053846  0.000000  0.023077  0.000000
 0.161538  0.000000  0.000000  0.000000  0.000000  0.000000  0.000000  0.000000  0.000000  0.038462  0.000000  0.000000  0.607692  0.000000  0.000000  0.161538  0.030769  0.000000  0.000000  0.000000
 0.000000  0.000000  0.000000  0.000000  0.046154  0.000000  0.000000  0.000000  0.000000  0.000000  0.000000  0.000000  0.284615  0.000000  0.100000  0.230769  0.200000  0.138462  0.000000  0.000000
 0.353846  0.000000  0.000000  0.115385  0.000000  0.000000  0.084615  0.000000  0.000000  0.115385  0.000000  0.000000  0.115385  0.053846  0.053846  0.007692  0.092308  0.007692  0.000000  0.000000
 0.315385  0.000000  0.000000  0.000000  0.000000  0.084615  0.000000  0.000000  0.015385  0.038462  0.000000  0.000000  0.146154  0.000000  0.000000  0.023077  0.215385  0.161538  0.000000  0.000000
 0.253846  0.000000  0.069231  0.007692  0.000000  0.000000  0.000000  0.000000  0.000000  0.000000  0.000000  0.000000  0.438462  0.000000  0.200000  0.030769  0.000000  0.000000  0.000000  0.000000

MOTIF  10

BL   MOTIF 10 width=21 seqs=146
letter-probability matrix: alength= 20 w= 21 nsites= 136 E= 1
 0.029412  0.000000  0.000000  0.000000  0.000000  0.029412  0.000000  0.000000  0.000000  0.000000  0.036765  0.000000  0.316176  0.066176  0.000000  0.250000  0.000000  0.198529  0.000000  0.073529
 0.191176  0.000000  0.000000  0.000000  0.000000  0.029412  0.000000  0.000000  0.000000  0.264706  0.000000  0.000000  0.345588  0.000000  0.000000  0.036765  0.132353  0.000000  0.000000  0.000000
 0.183824  0.044118  0.000000  0.080882  0.000000  0.029412  0.000000  0.000000  0.000000  0.000000  0.000000  0.000000  0.257353  0.014706  0.014706  0.147059  0.161765  0.066176  0.000000  0.000000
 0.183824  0.000000  0.000000  0.014706  0.007353  0.051471  0.007353  0.000000  0.044118  0.000000  0.000000  0.073529  0.250000  0.036765  0.161765  0.088235  0.058824  0.000000  0.000000  0.022059
 0.131579  0.039474  0.000000  0.000000  0.000000  0.250000  0.000000  0.000000  0.000000  0.000000  0.000000  0.000000  0.289474  0.000000  0.000000  0.197368  0.092105  0.000000  0.000000  0.000000
 0.294118  0.000000  0.000000  0.058824  0.000000  0.000000  0.036765  0.000000  0.044118  0.000000  0.007353  0.000000  0.455882  0.058824  0.007353  0.000000  0.036765  0.000000  0.000000  0.000000
 0.000000  0.000000  0.000000  0.000000  0.000000  0.000000  0.000000  0.000000  0.000000  0.000000  0.000000  0.000000  0.133333  0.000000  0.488889  0.000000  0.377778  0.000000  0.000000  0.000000
 0.000000  0.000000  0.000000  0.000000  0.014706  0.242647  0.036765  0.058824  0.007353  0.213235  0.000000  0.000000  0.000000  0.000000  0.000000  0.198529  0.044118  0.183824  0.000000  0.000000
 0.213235  0.000000  0.066176  0.029412  0.007353  0.058824  0.154412  0.000000  0.000000  0.000000  0.000000  0.022059  0.198529  0.029412  0.095588  0.036765  0.066176  0.000000  0.000000  0.022059
 0.000000  0.000000  0.000000  0.000000  0.000000  0.000000  0.000000  0.000000  0.000000  0.000000  0.000000  0.000000  1.000000  0.000000  0.000000  0.000000  0.000000  0.000000  0.000000  0.000000
 0.211765  0.000000  0.000000  0.000000  0.000000  0.117647  0.058824  0.000000  0.011765  0.000000  0.000000  0.141176  0.000000  0.176471  0.282353  0.000000  0.000000  0.000000  0.000000  0.000000
 0.102941  0.000000  0.058824  0.058824  0.000000  0.051471  0.000000  0.000000  0.051471  0.000000  0.000000  0.000000  0.161765  0.000000  0.330882  0.014706  0.169118  0.000000  0.000000  0.000000
